Player,Ally Code,Starting Gear Needed,Progress,Current Gear Needed,Team
Lillyanna,938276726,58,5,53,Sith Eternal Emperor: EP Vader RG G12 Piett G10 Krennic G7 Sidious R3 Darth Maul R3 Dooku R5 Sith Marauder G12 Imperial TIE Bomber JKA R5 Thrawn G12 Tarkin Veers G12 Starck G12
Lillyanna,938276726,52,4,48,Jedi Master Kenobi: GK R7 Bo-Katan Aayla G12 Mace Negotiator GG G12 Wat Tambor G11 6* MagnaGuard Clone Sergeant G8 QGJ GMY R7 Jango R5 Shaak Ti R3 Cad Cody G9
Lillyanna,938276726,10,10,0,Rey: JTR R2-D2 C-3PO BB-8 RT Scav Rey Finn Poe Vet Chewbacca Vet Han Resistance Pilot Holdo Rose RH Poe RH Finn
Lillyanna,938276726,5,5,0,Supreme Leader Kylo Ren: KRU Kylo FOST FOE FOO FOTP Phasma Hux FOSFTP Sith Trooper Vet Han EP Finalizer 6*
Lillyanna,938276726,59,11,48,Leia Organa: Captain Rex G12 Princess Kneesaa G12 Wicket Lando Ackbar Scout Trooper G10 R2-D2 Cpt Solo ROLO Chirpa Captain Drogan G10 CLS Boushh (Leia Organa) G10 Chewpio Lobot G12
Lillyanna,938276726,46,46,0,Jedi Master Luke Skywalker: Old Ben JTR C-3PO Mon Mothma Chewpio JKL R2-D2 Han Chewbacca Rebel Y-wing Leia HYoda Wedge Biggs Lando
GamingChips,958661216,37,37,0,Sith Eternal Emperor: EP Vader RG Piett Krennic Sidious Darth Maul Dooku Sith Marauder Imperial TIE Bomber JKA Thrawn Tarkin Veers Starck
GamingChips,958661216,0,0,0,Supreme Leader Kylo Ren: KRU Kylo FOST FOE FOO FOTP Phasma Hux FOSFTP Sith Trooper Vet Han EP Finalizer
GamingChips,958661216,46,5,41,Leia Organa: Captain Rex R3 Princess Kneesaa G9 Wicket Lando Ackbar Scout Trooper G9 6* R2-D2 Cpt Solo ROLO Chirpa Captain Drogan G9 CLS Boushh (Leia Organa) Chewpio Lobot G12
GamingChips,958661216,58,58,0,Jedi Master Luke Skywalker: Old Ben JTR C-3PO Mon Mothma Chewpio JKL R2-D2 Han Chewbacca Rebel Y-wing Leia HYoda Wedge Biggs Lando
HannibalHunter,669271694,32,0,32,Rey: JTR G8 R2-D2 C-3PO BB-8 G9 RT Scav Rey R5 Finn Poe Vet Chewbacca G9 Vet Han Resistance Pilot Holdo Rose RH Poe RH Finn
HannibalHunter,669271694,19,19,0,Supreme Leader Kylo Ren: KRU Kylo FOST FOE FOO FOTP Phasma Hux FOSFTP Sith Trooper Vet Han EP Finalizer 6*
HannibalHunter,669271694,59,1,58,Leia Organa: Captain Rex Princess Kneesaa R3 Wicket Lando R3 Ackbar Scout Trooper G11 R2-D2 R3 Cpt Solo G12 ROLO G12 Chirpa Captain Drogan G12 CLS R3 Boushh (Leia Organa) G12 Chewpio R3 Lobot G12
natebzta,994951475,35,35,0,Rey: JTR R2-D2 C-3PO BB-8 RT Scav Rey Finn Poe Vet Chewbacca Vet Han Resistance Pilot Holdo Rose RH Poe RH Finn
natebzta,994951475,12,2,10,Supreme Leader Kylo Ren: KRU R5 Kylo R5 FOST FOE FOO FOTP Phasma Hux FOSFTP Sith Trooper Vet Han EP R1 Finalizer 4*
natebzta,994951475,59,24,35,Jedi Master Luke Skywalker: Old Ben R3 JTR C-3PO Mon Mothma G9 Chewpio R3 JKL R1 R2-D2 G12 Han R3 Chewbacca R5 Rebel Y-wing Leia HYoda R3 Wedge Biggs Lando R3
Obi1ablowme,421142431,28,28,0,Rey: JTR R2-D2 C-3PO BB-8 RT Scav Rey Finn Poe Vet Chewbacca Vet Han Resistance Pilot Holdo Rose RH Poe RH Finn
Obi1ablowme,421142431,58,58,0,Supreme Leader Kylo Ren: KRU Kylo FOST FOE FOO FOTP Phasma Hux FOSFTP Sith Trooper Vet Han EP Finalizer
Obi1ablowme,421142431,50,8,42,Leia Organa: Captain Rex Princess Kneesaa G10 Wicket Lando Ackbar Scout Trooper G9 R2-D2 Cpt Solo R3 ROLO Chirpa Captain Drogan G12 CLS Boushh (Leia Organa) G11 Chewpio Lobot G12
Obi1ablowme,421142431,57,57,0,Jedi Master Luke Skywalker: Old Ben JTR C-3PO Mon Mothma Chewpio JKL R2-D2 Han Chewbacca Rebel Y-wing Leia HYoda Wedge Biggs Lando
Erotavlas,187715758,33,0,33,Rey: JTR G1 R2-D2 C-3PO BB-8 G8 RT Scav Rey R5 Finn Poe Vet Chewbacca Vet Han Resistance Pilot Holdo Rose RH Poe RH Finn
Erotavlas,187715758,7,7,0,Supreme Leader Kylo Ren: KRU Kylo FOST FOE FOO FOTP Phasma Hux FOSFTP Sith Trooper Vet Han EP Finalizer 5*
DarthGutty,357188912,21,21,0,Rey: JTR R2-D2 C-3PO BB-8 RT Scav Rey Finn Poe Vet Chewbacca Vet Han Resistance Pilot Holdo Rose RH Poe RH Finn
DarthGutty,357188912,8,8,0,Supreme Leader Kylo Ren: KRU Kylo FOST FOE FOO FOTP Phasma Hux FOSFTP Sith Trooper Vet Han EP Finalizer 6*
DarthGutty,357188912,56,56,0,Jedi Master Luke Skywalker: Old Ben JTR C-3PO Mon Mothma Chewpio JKL R2-D2 Han Chewbacca Rebel Y-wing Leia HYoda Wedge Biggs Lando
Aaron Shepard,139357628,22,15,7,Rey: JTR R5 R2-D2 C-3PO BB-8 R4 RT Scav Rey R5 Finn Poe Vet Chewbacca Vet Han Resistance Pilot Holdo Rose RH Poe RH Finn
Aaron Shepard,139357628,12,12,0,Supreme Leader Kylo Ren: KRU Kylo FOST FOE FOO FOTP Phasma Hux FOSFTP Sith Trooper Vet Han EP Finalizer 6*
TanoKun,948551839,33,28,5,Rey: JTR R2-D2 C-3PO BB-8 R2 RT Scav Rey Finn Poe Vet Chewbacca Vet Han Resistance Pilot Holdo Rose RH Poe RH Finn
TanoKun,948551839,12,12,0,Supreme Leader Kylo Ren: KRU Kylo FOST FOE FOO FOTP Phasma Hux FOSFTP Sith Trooper Vet Han EP Finalizer 5*
TanoKun,948551839,56,12,44,Jedi Master Luke Skywalker: Old Ben R3 JTR C-3PO R3 Mon Mothma G0 0* Chewpio R3 JKL R3 R2-D2 G12 Han R3 Chewbacca R5 Rebel Y-wing 5* Leia HYoda R3 Wedge Biggs Lando R3
PolyPlayz,583664121,13,13,0,Supreme Leader Kylo Ren: KRU Kylo FOST FOE FOO FOTP Phasma Hux FOSFTP Sith Trooper Vet Han EP Finalizer
Mayonnaise,311959482,53,33,20,Jedi Master Kenobi: GK Bo-Katan Aayla Mace Negotiator GG Wat Tambor G11 6* MagnaGuard Clone Sergeant R3 QGJ GMY R7 Jango R5 Shaak Ti R3 Cad Cody R3
Mayonnaise,311959482,26,12,14,Rey: JTR R2-D2 C-3PO BB-8 G8 RT Scav Rey R5 Finn Poe Vet Chewbacca Vet Han Resistance Pilot Holdo Rose RH Poe RH Finn
Mayonnaise,311959482,12,12,0,Supreme Leader Kylo Ren: KRU Kylo FOST FOE FOO FOTP Phasma Hux FOSFTP Sith Trooper Vet Han EP Finalizer 6*
Mayonnaise,311959482,51,51,0,Jedi Master Luke Skywalker: Old Ben JTR C-3PO Mon Mothma Chewpio JKL R2-D2 Han Chewbacca Rebel Y-wing Leia HYoda Wedge Biggs Lando
BillyMays,855746741,36,2,34,Rey: JTR G7 R2-D2 C-3PO BB-8 G1 RT Scav Rey R5 Finn Poe Vet Chewbacca Vet Han Resistance Pilot Holdo Rose RH Poe RH Finn
BillyMays,855746741,15,6,9,Supreme Leader Kylo Ren: KRU R5 Kylo R5 FOST FOE FOO FOTP Phasma Hux FOSFTP Sith Trooper Vet Han EP R2 Finalizer 5*
Jedicello,756852592,26,26,0,Supreme Leader Kylo Ren: KRU Kylo FOST FOE FOO FOTP Phasma Hux FOSFTP Sith Trooper Vet Han EP Finalizer 5*
Dragon,513278383,21,9,12,Rey: JTR R3 R2-D2 C-3PO BB-8 G12 RT Scav Rey Finn Poe Vet Chewbacca Vet Han Resistance Pilot Holdo Rose RH Poe RH Finn
Dragon,513278383,15,11,4,Supreme Leader Kylo Ren: KRU Kylo FOST FOE FOO FOTP Phasma Hux FOSFTP Sith Trooper Vet Han EP R3 Finalizer 4*
Cbrn121,114375994,58,6,52,Sith Eternal Emperor: EP Vader RG G10 Piett Krennic G10 Sidious G12 Darth Maul G12 Dooku G12 Sith Marauder G12 Imperial TIE Bomber JKA Thrawn Tarkin G12 Veers Starck G9
Cbrn121,114375994,12,12,0,Supreme Leader Kylo Ren: KRU Kylo FOST FOE FOO FOTP Phasma Hux FOSFTP Sith Trooper Vet Han EP Finalizer 6*
Walan Lamor,181994418,51,51,0,Sith Eternal Emperor: EP Vader RG Piett Krennic Sidious Darth Maul Dooku Sith Marauder Imperial TIE Bomber JKA Thrawn Tarkin Veers Starck
Walan Lamor,181994418,0,0,0,Rey: JTR R2-D2 C-3PO BB-8 RT Scav Rey Finn Poe Vet Chewbacca Vet Han Resistance Pilot Holdo Rose RH Poe RH Finn
Walan Lamor,181994418,9,9,0,Supreme Leader Kylo Ren: KRU Kylo FOST FOE FOO FOTP Phasma Hux FOSFTP Sith Trooper Vet Han EP Finalizer
Walan Lamor,181994418,58,58,0,Leia Organa: Captain Rex Princess Kneesaa Wicket Lando Ackbar Scout Trooper R2-D2 Cpt Solo ROLO Chirpa Captain Drogan CLS Boushh (Leia Organa) Chewpio Lobot
Walan Lamor,181994418,50,50,0,Jedi Master Luke Skywalker: Old Ben JTR C-3PO Mon Mothma Chewpio JKL R2-D2 Han Chewbacca Rebel Y-wing Leia HYoda Wedge Biggs Lando
Paras,818954738,50,50,0,Supreme Leader Kylo Ren: KRU Kylo FOST FOE FOO FOTP Phasma Hux FOSFTP Sith Trooper Vet Han EP Finalizer 6*
DarkJedi83,712886732,35,13,22,Rey: JTR G11 R2-D2 C-3PO BB-8 G9 RT Scav Rey R5 Finn Poe Vet Chewbacca Vet Han Resistance Pilot Holdo Rose RH Poe RH Finn
DarkJedi83,712886732,12,12,0,Supreme Leader Kylo Ren: KRU Kylo FOST FOE FOO FOTP Phasma Hux FOSFTP Sith Trooper Vet Han EP Finalizer 5*
DarkJedi83,712886732,56,37,19,Jedi Master Luke Skywalker: Old Ben JTR G11 C-3PO Mon Mothma G8 Chewpio JKL R2-D2 Han Chewbacca Rebel Y-wing 5* Leia HYoda Wedge Biggs Lando
Biscuit Tormentor,673773292,58,0,58,Sith Eternal Emperor: EP Vader RG G13 Piett Krennic G1 Sidious R1 Darth Maul R1 Dooku G12 Sith Marauder R1 Imperial TIE Bomber JKA R4 Thrawn Tarkin G10 Veers G12 Starck G12
Biscuit Tormentor,673773292,12,12,0,Supreme Leader Kylo Ren: KRU Kylo FOST FOE FOO FOTP Phasma Hux FOSFTP Sith Trooper Vet Han EP Finalizer 6*
The Chosen One,257699863,40,0,40,Rey: JTR G1 R2-D2 C-3PO BB-8 G1 RT Scav Rey R5 Finn Poe Vet Chewbacca Vet Han Resistance Pilot Holdo Rose RH Poe RH Finn
The Chosen One,257699863,16,4,12,Supreme Leader Kylo Ren: KRU R5 Kylo R5 FOST FOE FOO FOTP Phasma Hux FOSFTP Sith Trooper Vet Han EP G12 Finalizer 5*
The Chosen One,257699863,59,59,0,Leia Organa: Captain Rex Princess Kneesaa Wicket Lando Ackbar Scout Trooper R2-D2 Cpt Solo ROLO Chirpa Captain Drogan CLS Boushh (Leia Organa) Chewpio Lobot
ANAKlN,155651172,40,32,8,Jedi Master Kenobi: GK Bo-Katan Aayla Mace Negotiator GG Wat Tambor G12 MagnaGuard Clone Sergeant QGJ GMY Jango Shaak Ti Cad Cody
ANAKlN,155651172,40,0,40,Rey: JTR G1 R2-D2 C-3PO BB-8 G1 RT Scav Rey R5 Finn Poe Vet Chewbacca Vet Han Resistance Pilot Holdo Rose RH Poe RH Finn
ANAKlN,155651172,16,16,0,Supreme Leader Kylo Ren: KRU Kylo FOST FOE FOO FOTP Phasma Hux FOSFTP Sith Trooper Vet Han EP Finalizer 5*
Misfit,881692772,53,53,0,Sith Eternal Emperor: EP Vader RG Piett Krennic Sidious Darth Maul Dooku Sith Marauder Imperial TIE Bomber JKA Thrawn Tarkin Veers Starck
Misfit,881692772,35,24,11,Jedi Master Kenobi: GK Bo-Katan G13 Aayla Mace Negotiator GG Wat Tambor MagnaGuard Clone Sergeant QGJ GMY Jango Shaak Ti Cad Cody G12
Misfit,881692772,0,0,0,Rey: JTR R2-D2 C-3PO BB-8 RT Scav Rey Finn Poe Vet Chewbacca Vet Han Resistance Pilot Holdo Rose RH Poe RH Finn
Misfit,881692772,6,6,0,Supreme Leader Kylo Ren: KRU Kylo FOST FOE FOO FOTP Phasma Hux FOSFTP Sith Trooper Vet Han EP Finalizer
Misfit,881692772,51,51,0,Leia Organa: Captain Rex Princess Kneesaa Wicket Lando Ackbar Scout Trooper R2-D2 Cpt Solo ROLO Chirpa Captain Drogan CLS Boushh (Leia Organa) Chewpio Lobot
Misfit,881692772,59,59,0,Jedi Master Luke Skywalker: Old Ben JTR C-3PO Mon Mothma Chewpio JKL R2-D2 Han Chewbacca Rebel Y-wing Leia HYoda Wedge Biggs Lando
PorkinsRevenge,459557358,35,6,29,Rey: JTR G7 R2-D2 C-3PO BB-8 G6 RT Scav Rey R5 Finn Poe Vet Chewbacca Vet Han Resistance Pilot Holdo Rose RH Poe RH Finn
PorkinsRevenge,459557358,12,12,0,Supreme Leader Kylo Ren: KRU Kylo FOST FOE FOO FOTP Phasma Hux FOSFTP Sith Trooper Vet Han EP Finalizer 5*
Descending,121358638,57,25,32,Sith Eternal Emperor: EP Vader RG Piett Krennic G8 Sidious R5 Darth Maul Dooku R5 Sith Marauder G12 Imperial TIE Bomber JKA R5 Thrawn Tarkin G10 Veers Starck G12
Descending,121358638,59,0,59,Jedi Master Kenobi: GK R7 Bo-Katan G8 6* Aayla G12 Mace Negotiator GG Wat Tambor G7 6* MagnaGuard Clone Sergeant G8 QGJ GMY Jango Shaak Ti G9 Cad Cody G8
Descending,121358638,0,0,0,Rey: JTR R2-D2 C-3PO BB-8 RT Scav Rey Finn Poe Vet Chewbacca Vet Han Resistance Pilot Holdo Rose RH Poe RH Finn
Descending,121358638,6,6,0,Supreme Leader Kylo Ren: KRU Kylo FOST FOE FOO FOTP Phasma Hux FOSFTP Sith Trooper Vet Han EP Finalizer 6*
Descending,121358638,58,0,58,Leia Organa: Captain Rex Princess Kneesaa G8 Wicket Lando R3 Ackbar Scout Trooper G12 R2-D2 R5 Cpt Solo ROLO Chirpa Captain Drogan G7 CLS Boushh (Leia Organa) G8 Chewpio R5 Lobot G8
Descending,121358638,58,3,55,Jedi Master Luke Skywalker: Old Ben JTR C-3PO Mon Mothma G4 4* Chewpio JKL G0 0* R2-D2 R5 Han R5 Chewbacca R5 Rebel Y-wing 4* Leia HYoda G3 6* Wedge Biggs Lando R3
Th0mas,228481223,8,8,0,Supreme Leader Kylo Ren: KRU Kylo FOST FOE FOO FOTP Phasma Hux FOSFTP Sith Trooper Vet Han EP Finalizer 5*
Darkf1end,214541968,47,47,0,Sith Eternal Emperor: EP Vader RG Piett Krennic Sidious Darth Maul Dooku Sith Marauder Imperial TIE Bomber JKA Thrawn Tarkin Veers Starck
Darkf1end,214541968,1,1,0,Supreme Leader Kylo Ren: KRU Kylo FOST FOE FOO FOTP Phasma Hux FOSFTP Sith Trooper Vet Han EP Finalizer 6*
Killest the Illest,626428578,27,15,12,Rey: JTR R5 R2-D2 C-3PO BB-8 G12 RT Scav Rey R5 Finn Poe Vet Chewbacca Vet Han Resistance Pilot Holdo Rose RH Poe RH Finn
Killest the Illest,626428578,6,6,0,Supreme Leader Kylo Ren: KRU Kylo FOST FOE FOO FOTP Phasma Hux FOSFTP Sith Trooper Vet Han EP Finalizer 6*
KeenAsChilli,637323937,40,40,0,Rey: JTR R2-D2 C-3PO BB-8 RT Scav Rey Finn Poe Vet Chewbacca Vet Han Resistance Pilot Holdo Rose RH Poe RH Finn
KeenAsChilli,637323937,4,4,0,Supreme Leader Kylo Ren: KRU Kylo FOST FOE FOO FOTP Phasma Hux FOSFTP Sith Trooper Vet Han EP Finalizer 5*
Coktus,468236797,56,56,0,Jabba the Hutt: Krrsantan Han Gamorrean Guard Greedo Skiff Guard (Lando Calrissian) JKL Jawa URoRRuR'R'R C-3PO Boushh (Leia Organa) Aurra Fennec Shand Boba Mob Enforcer Outrider
Coktus,468236797,4,0,4,Supreme Leader Kylo Ren: KRU R5 Kylo R5 FOST FOE FOO FOTP Phasma Hux FOSFTP Sith Trooper Vet Han EP Finalizer 5*
Coktus,468236797,59,59,0,Jedi Master Luke Skywalker: Old Ben JTR C-3PO Mon Mothma Chewpio JKL R2-D2 Han Chewbacca Rebel Y-wing 6* Leia HYoda Wedge Biggs Lando
BigPeePee420,626631739,25,25,0,Rey: JTR R2-D2 C-3PO BB-8 RT Scav Rey Finn Poe Vet Chewbacca Vet Han Resistance Pilot Holdo Rose RH Poe RH Finn
BigPeePee420,626631739,0,0,0,Supreme Leader Kylo Ren: KRU Kylo FOST FOE FOO FOTP Phasma Hux FOSFTP Sith Trooper Vet Han EP Finalizer
Draco73,568787334,23,23,0,Sith Eternal Emperor: EP Vader RG Piett Krennic Sidious Darth Maul Dooku Sith Marauder Imperial TIE Bomber JKA Thrawn Tarkin Veers Starck
Draco73,568787334,58,8,50,Jedi Master Kenobi: GK R3 Bo-Katan G11 5* Aayla G12 Mace G12 Negotiator GG R1 Wat Tambor G11 6* MagnaGuard Clone Sergeant R3 QGJ GMY R5 Jango R5 Shaak Ti R3 Cad Cody R1
Draco73,568787334,19,11,8,Rey: JTR R4 R2-D2 C-3PO BB-8 R2 RT Scav Rey Finn Poe Vet Chewbacca Vet Han Resistance Pilot Holdo Rose RH Poe RH Finn
Draco73,568787334,0,0,0,Supreme Leader Kylo Ren: KRU Kylo FOST FOE FOO FOTP Phasma Hux FOSFTP Sith Trooper Vet Han EP Finalizer 6*
MajorDisaster17,157551217,33,9,24,Rey: JTR G8 R2-D2 C-3PO 5* BB-8 G10 RT Scav Rey R5 Finn Poe Vet Chewbacca Vet Han Resistance Pilot Holdo Rose RH Poe RH Finn
MajorDisaster17,157551217,5,5,0,Supreme Leader Kylo Ren: KRU Kylo FOST FOE FOO FOTP Phasma Hux FOSFTP Sith Trooper Vet Han EP Finalizer 5*
Starkiller1670,617241466,57,35,22,Supreme Leader Kylo Ren: KRU Kylo FOST FOE FOO FOTP Phasma G12 Hux FOSFTP G9 Sith Trooper R4 Vet Han G8 EP Finalizer 5*
pears,611344632,49,1,48,Jedi Master Luke Skywalker: Old Ben R3 JTR G12 C-3PO R3 Mon Mothma G0 0* Chewpio R3 JKL R2-D2 G12 Han R5 Chewbacca R3 Rebel Y-wing Leia HYoda R3 Wedge Biggs Lando R3
Luthorno,971818684,8,6,2,Rey: JTR R2-D2 C-3PO BB-8 RT Scav Rey R5 Finn Poe Vet Chewbacca Vet Han Resistance Pilot Holdo Rose RH Poe RH Finn
Luthorno,971818684,0,0,0,Supreme Leader Kylo Ren: KRU Kylo FOST FOE FOO FOTP Phasma Hux FOSFTP Sith Trooper Vet Han EP Finalizer 5*
Drew Rosario,781788419,0,0,0,Rey: JTR R2-D2 C-3PO BB-8 RT Scav Rey Finn Poe Vet Chewbacca Vet Han Resistance Pilot Holdo Rose RH Poe RH Finn
Drew Rosario,781788419,0,0,0,Supreme Leader Kylo Ren: KRU Kylo FOST FOE FOO FOTP Phasma Hux FOSFTP Sith Trooper Vet Han EP Finalizer 6*
Drew Rosario,781788419,45,12,33,Jedi Master Luke Skywalker: Old Ben R3 JTR C-3PO R3 Mon Mothma G11 Chewpio G12 JKL R3 R2-D2 G12 Han Chewbacca Rebel Y-wing Leia HYoda R3 Wedge Biggs Lando R3
R3van,463489895,0,0,0,Sith Eternal Emperor: EP Vader RG Piett Krennic Sidious Darth Maul Dooku Sith Marauder Imperial TIE Bomber JKA Thrawn Tarkin Veers Starck
R3van,463489895,0,0,0,Jedi Master Kenobi: GK Bo-Katan Aayla Mace Negotiator GG Wat Tambor MagnaGuard Clone Sergeant QGJ GMY Jango Shaak Ti Cad Cody
R3van,463489895,0,0,0,Supreme Leader Kylo Ren: KRU Kylo FOST FOE FOO FOTP Phasma Hux FOSFTP Sith Trooper Vet Han EP Finalizer 6*
R3van,463489895,53,24,29,Leia Organa: Captain Rex Princess Kneesaa G10 5* Wicket Lando Ackbar Scout Trooper R2-D2 Cpt Solo ROLO Chirpa Captain Drogan G11 5* CLS Boushh (Leia Organa) G12 Chewpio Lobot G12
R3van,463489895,0,0,0,Jedi Master Luke Skywalker: Old Ben JTR C-3PO Mon Mothma Chewpio JKL R2-D2 Han Chewbacca Rebel Y-wing Leia HYoda Wedge Biggs Lando
ColeMiner,544333955,52,11,41,Jedi Master Luke Skywalker: Old Ben R3 JTR G12 C-3PO Mon Mothma G11 Chewpio JKL R2-D2 G12 Han Chewbacca Rebel Y-wing 6* Leia G12 HYoda R3 Wedge G12 Biggs G12 Lando R3
xXxDarthWOLFxXx,946931813,0,0,0,Rey: JTR R2-D2 C-3PO BB-8 RT Scav Rey Finn Poe Vet Chewbacca Vet Han Resistance Pilot Holdo Rose RH Poe RH Finn
xXxDarthWOLFxXx,946931813,0,0,0,Supreme Leader Kylo Ren: KRU Kylo FOST FOE FOO FOTP Phasma Hux FOSFTP Sith Trooper Vet Han EP Finalizer 5*
xXxDarthWOLFxXx,946931813,52,0,52,Jedi Master Luke Skywalker: Old Ben R3 JTR C-3PO R3 Mon Mothma G9 3* Chewpio G12 JKL G0 0* R2-D2 G12 Han Chewbacca R3 Rebel Y-wing 0* Leia HYoda Wedge Biggs Lando R3
Subie,979894859,21,2,19,Rey: JTR G12 R2-D2 C-3PO BB-8 G11 RT Scav Rey R5 Finn Poe Vet Chewbacca Vet Han Resistance Pilot Holdo Rose RH Poe RH Finn
Subie,979894859,0,0,0,Supreme Leader Kylo Ren: KRU Kylo FOST FOE FOO FOTP Phasma Hux FOSFTP Sith Trooper Vet Han EP Finalizer 5*
JEDIKNIGHTARMORER,242885163,0,0,0,Rey: JTR R2-D2 C-3PO BB-8 RT Scav Rey Finn Poe Vet Chewbacca Vet Han Resistance Pilot Holdo Rose RH Poe RH Finn
JEDIKNIGHTARMORER,242885163,0,0,0,Supreme Leader Kylo Ren: KRU Kylo FOST FOE FOO FOTP Phasma Hux FOSFTP Sith Trooper Vet Han EP Finalizer 5*
N8erade,186425344,10,10,0,Lord Vader: Hunter Tech Wrecker Tusken Raider Padme GAS Embo Echo (501st) Echo Dooku Zam BTL-B Y-wing Tarkin ARC Trooper Nute
Drederic,823148397,16,11,5,Sith Eternal Emperor: EP Vader RG Piett Krennic Sidious Darth Maul Dooku Sith Marauder R2 Imperial TIE Bomber JKA Thrawn Tarkin Veers Starck
Drederic,823148397,0,0,0,Rey: JTR R2-D2 C-3PO BB-8 RT Scav Rey Finn Poe Vet Chewbacca Vet Han Resistance Pilot Holdo Rose RH Poe RH Finn
Drederic,823148397,0,0,0,Supreme Leader Kylo Ren: KRU Kylo FOST FOE FOO FOTP Phasma Hux FOSFTP Sith Trooper Vet Han EP Finalizer
Drederic,823148397,37,0,37,Jedi Master Luke Skywalker: Old Ben R3 JTR C-3PO R3 Mon Mothma G1 2* Chewpio JKL R5 R2-D2 G12 Han R5 Chewbacca R5 Rebel Y-wing 0* Leia HYoda R3 Wedge Biggs Lando R3
RexBlade,297546182,0,0,0,Rey: JTR R2-D2 C-3PO BB-8 RT Scav Rey Finn Poe Vet Chewbacca Vet Han Resistance Pilot Holdo Rose RH Poe RH Finn
RexBlade,297546182,0,0,0,Supreme Leader Kylo Ren: KRU Kylo FOST FOE FOO FOTP Phasma Hux FOSFTP Sith Trooper Vet Han EP Finalizer
RexBlade,297546182,41,0,41,Jedi Master Luke Skywalker: Old Ben R3 JTR C-3PO R3 Mon Mothma G12 Chewpio R3 JKL G7 R2-D2 G12 Han R3 Chewbacca R5 Rebel Y-wing Leia HYoda R3 Wedge Biggs Lando R3
Jubal Earley,985579741,56,0,56,Jedi Master Kenobi: GK R6 Bo-Katan G8 Aayla Mace Negotiator 6* GG G12 Wat Tambor G8 5* MagnaGuard Clone Sergeant G12 QGJ GMY Jango G12 Shaak Ti R3 Cad Cody G12
Jubal Earley,985579741,0,0,0,Rey: JTR R2-D2 C-3PO BB-8 RT Scav Rey Finn Poe Vet Chewbacca Vet Han Resistance Pilot Holdo Rose RH Poe RH Finn
Jubal Earley,985579741,0,0,0,Supreme Leader Kylo Ren: KRU Kylo FOST FOE FOO FOTP Phasma Hux FOSFTP Sith Trooper Vet Han EP Finalizer 5*
Jubal Earley,985579741,0,0,0,Jedi Master Luke Skywalker: Old Ben JTR C-3PO Mon Mothma Chewpio JKL R2-D2 Han Chewbacca Rebel Y-wing Leia HYoda Wedge Biggs Lando
