Player,Ally Code,Starting Gear Needed,Progress,Current Gear Needed,GP,Team
CorpseGrinderUSA,762819711,6,6,0,141995,Shaak Ti Fives Rex Echo (501st) ARC Trooper
vynle,423513725,8,0,8,130437,Shaak Ti Fives Rex R3 Echo (501st) R3 ARC Trooper R1
Thunder,163682498,32,25,7,129820,Shaak Ti Fives R4 Rex R3 Echo (501st) R3 ARC Trooper R3
Ukaiden Wyrs,444777315,21,4,17,123004,Shaak Ti Fives G12 Rex R3 Echo (501st) R2 ARC Trooper G12
Rivem,726615128,38,14,24,113588,Shaak Ti Fives G12 Rex G12 Echo (501st) G12 ARC Trooper G12
DarthBinks,453229764,0,0,0,141452,Shaak Ti Fives Rex Echo (501st) ARC Trooper
BountyHunterSlave1,441851933,43,34,9,129092,Shaak Ti Fives R4 Rex R3 Echo (501st) R2 ARC Trooper R2
CorpseSurfer,745346358,90,68,22,95329,Shaak Ti R3 Fives R3 Rex G12 Echo (501st) G12 ARC Trooper G12
straxus47,334632736,90,24,66,34311,Shaak Ti G1 3* Fives G9 Rex G7 Echo (501st) G7 ARC Trooper G0 0*
Matthew,696351196,90,34,56,40734,Shaak Ti R3 Fives R3 Rex G1 4* Echo (501st) G1 3* ARC Trooper G0 0*
JOEFIEND419,546132624,50,40,10,121061,Shaak Ti R4 Fives R3 Rex R3 Echo (501st) R2 ARC Trooper R3
DjangoFett,184168414,2,0,2,137393,Shaak Ti R3 Fives Rex Echo (501st) ARC Trooper
Geno,759237922,0,0,0,154910,Shaak Ti Fives Rex Echo (501st) ARC Trooper
StarKiIIer,574459387,56,38,18,97885,Shaak Ti R3 Fives R3 Rex R3 Echo (501st) G12 ARC Trooper G12
Jordan5501,279385939,54,24,30,89197,Shaak Ti G12 Fives G12 Rex G12 Echo (501st) G12 ARC Trooper G12
Butlicker,961325421,87,45,42,67029,Shaak Ti R3 Fives R3 Rex G8 Echo (501st) G8 ARC Trooper G0 0*
Dada,369481718,62,60,2,131145,Shaak Ti R3 Fives Rex Echo (501st) ARC Trooper
Hars Barans,472876773,41,15,26,107174,Shaak Ti R3 Fives G12 Rex G12 Echo (501st) G12 ARC Trooper G12
KingMaciu,484479315,66,24,42,64826,Shaak Ti R3 Fives R3 Rex G8 Echo (501st) G8 ARC Trooper G0 0*
Fordifying,853838982,74,70,4,127027,Shaak Ti R1 Fives Rex Echo (501st) ARC Trooper
DarthGAVTank66,958655158,43,10,33,87499,Shaak Ti G12 Fives G12 Rex G12 Echo (501st) G11 ARC Trooper G10
Pattaflafla,639954162,48,24,24,109672,Shaak Ti Fives G12 Rex G12 Echo (501st) G12 ARC Trooper G12
Makisi,174154859,58,22,36,76311,Shaak Ti G12 Fives G11 Rex R2 Echo (501st) G8 ARC Trooper G8
DimmaDome33,448744531,42,29,13,108438,Shaak Ti G12 Fives R4 Rex R3 Echo (501st) R3 ARC Trooper R3
Asinum Malum,613212653,20,0,20,116432,Shaak Ti R4 Fives R4 Rex G12 Echo (501st) G12 ARC Trooper G12
The coletrain,246941436,60,22,38,85590,Shaak Ti G9 Fives G10 Rex G12 Echo (501st) G11 ARC Trooper G10
DarKnight,763474782,6,0,6,145596,Shaak Ti G12 Fives Rex Echo (501st) ARC Trooper
Scias,595821282,49,23,26,95683,Shaak Ti R3 Fives G12 Rex G12 Echo (501st) G12 ARC Trooper G12
Xyster,585164267,63,15,48,64711,Shaak Ti G12 Fives G10 Rex G11 Echo (501st) G8 ARC Trooper G1 6*
The Legender110,773247546,34,18,16,112973,Shaak Ti R3 Fives R3 Rex G12 Echo (501st) ARC Trooper G12
Dimmadome33,627494765,90,78,12,113109,Shaak Ti G12 Fives Rex R3 Echo (501st) R3 ARC Trooper R3
scoojay,617226518,0,0,0,147170,Shaak Ti Fives Rex Echo (501st) ARC Trooper
Matthias,212342278,58,20,38,71288,Shaak Ti R3 Fives R3 Rex G12 Echo (501st) G8 ARC Trooper G0 0*
Vaexqua Grupen,115126554,41,3,38,88952,Shaak Ti R2 Fives G11 Rex G10 Echo (501st) G8 ARC Trooper G8 6*
Mydixierekt,148985128,45,2,43,77870,Shaak Ti Fives G12 Rex G8 Echo (501st) G8 ARC Trooper G1 4*
Trooper77,169548771,37,9,28,94942,Shaak Ti Fives G10 Rex G12 Echo (501st) G11 ARC Trooper G11
6Sith,144722144,33,9,24,101879,Shaak Ti Fives G12 Rex G12 Echo (501st) G12 ARC Trooper G12
Mesaback,325292423,71,32,39,59622,Shaak Ti R3 Fives R3 Rex G6 Echo (501st) G8 6* ARC Trooper G5 4*
Beorn,646891832,65,23,42,53893,Shaak Ti R3 Fives R3 Rex G8 5* Echo (501st) G8 5* ARC Trooper G0 0*
Wrightdawg,487745186,38,1,37,91202,Shaak Ti R4 Fives G12 Rex G12 Echo (501st) G12 ARC Trooper G0 0*
Gj8908,133952949,57,6,51,58276,Shaak Ti G12 Fives G9 Rex G11 Echo (501st) G7 ARC Trooper G0 0*
AcaulkalypseNow,652858542,56,42,14,116730,Shaak Ti Fives Rex R3 Echo (501st) G12 ARC Trooper G12
DarthGore,279857249,58,16,42,61911,Shaak Ti R3 Fives R3 Rex G8 Echo (501st) G8 ARC Trooper G0 0*
The Apprentice,825714593,65,0,65,30417,Shaak Ti G0 0* Fives G8 Rex G8 Echo (501st) G9 ARC Trooper G0 0*
Baniss Durron,959497393,45,14,31,76951,Shaak Ti R3 Fives R3 Rex G12 Echo (501st) G8 ARC Trooper G7 4*
Severus Snape,626698652,8,0,8,130014,Shaak Ti Fives R3 Rex R3 Echo (501st) R3 ARC Trooper R3
Richtenz,263787512,40,0,40,68607,Shaak Ti R3 Fives R3 Rex G10 Echo (501st) G8 ARC Trooper G0 0*
DarthKaynWise,434693777,56,0,56,55812,Shaak Ti G8 Fives G9 Rex G8 Echo (501st) G8 ARC Trooper G1 5*
DarthTauma,823899147,26,0,26,106055,Shaak Ti Fives G12 Rex G12 Echo (501st) G11 ARC Trooper G11
Greeny,723683959,35,0,35,79838,Shaak Ti G12 Fives G12 Rex G12 Echo (501st) G11 ARC Trooper G8 5*
