Player,Ally Code,Starting Gear Needed,Progress,Current Gear Needed,Team
MINI NovaBonk,799531699,0,0,0,padme: Padme GK JKA Ahsoka CAT
MINI NovaBonk,799531699,4,4,0,Grievous Omicron: GG B2 B1 MagnaGuard Droideka
MINI NovaBonk,799531699,0,0,0,Negotiator: Negotiator BTL-B Y-wing Anakin's Eta-2 Rex's ARC-170 Umbaran SF Ahsoka's SF Plo's SF Clone Sergeant's ARC-170
MINI NovaBonk,799531699,0,0,0,Malevolence: Malevolence Hyena Bomber Vulture Droid Sun Fac SF Soldier SF Spy SF
MINI NovaBonk,799531699,20,0,20,Geonosians Omicron: GBA G12 Sun Fac G12 Geo Soldier G12 Geo Spy G12 Poggle G12
MINI NovaBonk,799531699,19,11,8,Troopers: Veers Piett Starck Dark Trooper G12 Range Trooper G12
MINI NovaBonk,799531699,0,0,0,CLS: CLS Han Chewbacca Chewpio C-3PO
MINI NovaBonk,799531699,0,0,0,GAS: GAS Rex Echo (501st) Fives ARC Trooper
MINI NovaBonk,799531699,40,39,1,Phasma: Phasma FOTP FOSFTP FOST Kylo
xXDaChipXx,217292438,4,4,0,padme: Padme GK JKA Ahsoka CAT
xXDaChipXx,217292438,1,1,0,Negotiator: Negotiator BTL-B Y-wing Anakin's Eta-2 Rex's ARC-170 Umbaran SF Ahsoka's SF Plo's SF Clone Sergeant's ARC-170
xXDaChipXx,217292438,5,0,5,Troopers: Veers Piett Starck Dark Trooper Range Trooper G11
xXDaChipXx,217292438,0,0,0,CLS: CLS Han Chewbacca Chewpio C-3PO
xXDaChipXx,217292438,23,7,16,GAS: GAS Rex G12 Echo (501st) G12 Fives G12 ARC Trooper G12
xXDaChipXx,217292438,1,0,1,Phasma: Phasma FOTP FOSFTP FOST Kylo
xXDaChipXx,217292438,27,23,4,Grievous Omicron: GG B2 B1 MagnaGuard Droideka G12
OfficialJS,323139817,0,0,0,padme: Padme GK JKA Ahsoka CAT
OfficialJS,323139817,4,4,0,Grievous Omicron: GG B2 B1 MagnaGuard Droideka
OfficialJS,323139817,1,1,0,Negotiator: Negotiator BTL-B Y-wing Anakin's Eta-2 Rex's ARC-170 Umbaran SF Ahsoka's SF Plo's SF Clone Sergeant's ARC-170
OfficialJS,323139817,1,1,0,Malevolence: Malevolence Hyena Bomber Vulture Droid Sun Fac SF Soldier SF Spy SF
OfficialJS,323139817,20,0,20,Geonosians Omicron: GBA G12 Sun Fac G12 Geo Soldier G12 Geo Spy G12 Poggle G12
OfficialJS,323139817,0,0,0,CLS: CLS Han Chewbacca Chewpio C-3PO
OfficialJS,323139817,1,0,1,Phasma: Phasma FOTP FOSFTP FOST Kylo
OfficialJS,323139817,25,0,25,GAS: GAS G7 Rex G12 Echo (501st) G12 Fives G12 ARC Trooper G12
Schoolly D,327441434,4,4,0,padme: Padme GK JKA Ahsoka C-3PO
Schoolly D,327441434,0,0,0,Negotiator: Negotiator BTL-B Y-wing Anakin's Eta-2 Rex's ARC-170 Umbaran SF Ahsoka's SF Plo's SF Clone Sergeant's ARC-170
Schoolly D,327441434,27,27,0,CLS: CLS Han Chewbacca Chewpio R2-D2
Schoolly D,327441434,0,0,0,GAS: GAS Rex Echo (501st) Fives ARC Trooper
Schoolly D,327441434,12,11,1,Phasma: Phasma FOTP FOSFTP FOST Kylo
Schoolly D,327441434,12,11,1,Grievous Omicron: GG B2 B1 MagnaGuard Droideka
Schoolly D,327441434,21,20,1,Geonosians Omicron: GBA Sun Fac Geo Soldier Geo Spy Poggle
Schoolly D,327441434,1,0,1,Malevolence: Malevolence 5* Hyena Bomber 6* Vulture Droid 6* Sun Fac SF Soldier SF Spy SF
Schoolly D,327441434,42,15,27,Troopers: Veers G12 Piett Starck G12 Dark Trooper G1 Range Trooper G12
MiniTwodamax,849554491,0,0,0,padme: Padme GK JKA Ahsoka CAT
MiniTwodamax,849554491,0,0,0,Negotiator: Negotiator BTL-B Y-wing Anakin's Eta-2 Rex's ARC-170 Umbaran SF Ahsoka's SF Plo's SF Clone Sergeant's ARC-170
MiniTwodamax,849554491,1,1,0,Malevolence: Malevolence Hyena Bomber Vulture Droid Sun Fac SF Soldier SF Spy SF
MiniTwodamax,849554491,10,10,0,CLS: CLS Han Chewbacca Chewpio C-3PO
MiniTwodamax,849554491,17,17,0,GAS: GAS Rex Echo (501st) Fives ARC Trooper
MiniTwodamax,849554491,1,0,1,Phasma: Phasma FOTP FOSFTP FOST Kylo
MiniTwodamax,849554491,8,0,8,Grievous Omicron: GG B2 B1 G12 MagnaGuard Droideka G12
MiniTwodamax,849554491,22,0,22,Geonosians Omicron: GBA G11 Sun Fac G12 Geo Soldier G12 Geo Spy G12 Poggle G11
MiniTwodamax,849554491,28,7,21,Troopers: Veers G12 Piett Starck G12 Dark Trooper Range Trooper G3 5*
Effinsyv,887724713,0,0,0,padme: Padme GK JKA Ahsoka C-3PO
Effinsyv,887724713,0,0,0,Grievous Omicron: GG B2 B1 MagnaGuard Droideka
Effinsyv,887724713,0,0,0,Negotiator: Negotiator BTL-B Y-wing Anakin's Eta-2 Rex's ARC-170 Umbaran SF Ahsoka's SF Plo's SF Clone Sergeant's ARC-170
Effinsyv,887724713,1,1,0,Malevolence: Malevolence Hyena Bomber Vulture Droid Sun Fac SF Soldier SF Spy SF
Effinsyv,887724713,6,0,6,Geonosians Omicron: GBA Sun Fac R2 Geo Soldier R2 Geo Spy R1 Poggle R1
Effinsyv,887724713,2,2,0,CLS: CLS Han Chewbacca Chewpio R2-D2
Effinsyv,887724713,0,0,0,GAS: GAS Rex Echo (501st) Fives ARC Trooper
Effinsyv,887724713,12,0,12,Phasma: Phasma R1 FOTP R1 FOSFTP G12 FOST R1 Kylo R1
Effinsyv,887724713,26,6,20,Troopers: Veers G11 Piett Gideon R1 Dark Trooper G9 Range Trooper G10
Rasqel,293471812,0,0,0,Malevolence: Malevolence Hyena Bomber Vulture Droid Sun Fac SF Soldier SF Spy SF
Rasqel,293471812,20,0,20,Geonosians Omicron: GBA G12 Sun Fac G12 Geo Soldier G12 Geo Spy G12 Poggle G12
Rasqel,293471812,22,22,0,Troopers: Veers Piett Starck Dark Trooper Range Trooper
Rasqel,293471812,12,12,0,CLS: CLS Han Chewbacca Chewpio C-3PO
Rasqel,293471812,1,0,1,Phasma: Phasma FOTP FOSFTP FOST Kylo
Rasqel,293471812,35,0,35,Grievous Omicron: GG B2 G9 B1 G11 MagnaGuard G8 Droideka G1
Rhaugz,412575262,0,0,0,Phasma: Phasma FOTP FOSFTP FOST Kylo
Rhaugz,412575262,2,0,2,padme: Padme R1 GK JKA Ahsoka C-3PO
Rhaugz,412575262,0,0,0,Negotiator: Negotiator BTL-B Y-wing Anakin's Eta-2 Rex's ARC-170 Umbaran SF Ahsoka's SF Plo's SF Clone Sergeant's ARC-170
Rhaugz,412575262,0,0,0,Malevolence: Malevolence Hyena Bomber Vulture Droid Sun Fac SF Soldier SF Spy SF
Rhaugz,412575262,16,0,16,Geonosians Omicron: GBA G12 Sun Fac G12 Geo Soldier G12 Geo Spy Poggle G12
Rhaugz,412575262,10,0,10,Troopers: Veers R1 Piett Gideon G12 Dark Trooper Range Trooper G12
Rhaugz,412575262,8,8,0,CLS: CLS Han Chewbacca Chewpio R2-D2
Rhaugz,412575262,31,30,1,Grievous Omicron: GG B2 B1 MagnaGuard Droideka
Shalien,717273842,0,0,0,padme: Padme GK JKA Ahsoka CAT
Shalien,717273842,3,1,2,Grievous Omicron: GG B2 B1 R2 MagnaGuard Droideka R2
Shalien,717273842,0,0,0,Negotiator: Negotiator BTL-B Y-wing Anakin's Eta-2 Rex's ARC-170 Umbaran SF Ahsoka's SF Plo's SF Clone Sergeant's ARC-170
Shalien,717273842,1,1,0,Malevolence: Malevolence Hyena Bomber Vulture Droid Sun Fac SF Soldier SF Spy SF
Shalien,717273842,20,10,10,Geonosians Omicron: GBA R1 Sun Fac R1 Geo Soldier R1 Geo Spy R1 Poggle R1
Shalien,717273842,0,0,0,CLS: CLS Han Chewbacca Chewpio C-3PO
Shalien,717273842,14,0,14,GAS: GAS Rex G12 Echo (501st) G12 Fives R1 ARC Trooper G12
Shalien,717273842,20,19,1,Phasma: Phasma FOTP FOSFTP FOST Kylo
Shalien,717273842,31,5,26,Troopers: Veers G12 Piett Gideon G12 Dark Trooper G7 6* Range Trooper G7 6*
JΞDΙ ΚΝΙGHT,677444398,0,0,0,Phasma: Phasma FOTP FOSFTP FOST Kylo
JΞDΙ ΚΝΙGHT,677444398,0,0,0,padme: Padme GK JKA Ahsoka CAT
JΞDΙ ΚΝΙGHT,677444398,12,0,12,Grievous Omicron: GG B2 G12 B1 G12 MagnaGuard Droideka G12
JΞDΙ ΚΝΙGHT,677444398,0,0,0,Malevolence: Malevolence Hyena Bomber Vulture Droid Sun Fac SF Soldier SF Spy SF
JΞDΙ ΚΝΙGHT,677444398,20,0,20,Geonosians Omicron: GBA G12 Sun Fac G12 Geo Soldier G12 Geo Spy G12 Poggle G12
JΞDΙ ΚΝΙGHT,677444398,0,0,0,CLS: CLS Han Chewbacca Chewpio C-3PO
JΞDΙ ΚΝΙGHT,677444398,0,0,0,GAS: GAS Rex Echo (501st) Fives ARC Trooper
JΞDΙ ΚΝΙGHT,677444398,1,0,1,Negotiator: Negotiator BTL-B Y-wing Anakin's Eta-2 Rex's ARC-170 6* Umbaran SF Ahsoka's SF Plo's SF Clone Sergeant's ARC-170
JΞDΙ ΚΝΙGHT,677444398,4,0,4,Troopers: Veers Piett Starck Dark Trooper Range Trooper G12
llandro,478895559,0,0,0,Phasma: Phasma FOTP FOSFTP FOST Kylo
llandro,478895559,0,0,0,padme: Padme GK JKA Ahsoka CAT
llandro,478895559,0,0,0,Negotiator: Negotiator BTL-B Y-wing Anakin's Eta-2 Rex's ARC-170 Umbaran SF Ahsoka's SF Plo's SF Clone Sergeant's ARC-170
llandro,478895559,0,0,0,Malevolence: Malevolence Hyena Bomber Vulture Droid Sun Fac SF Soldier SF Spy SF
llandro,478895559,21,7,14,Troopers: Veers G12 Piett Starck G12 Dark Trooper R1 Range Trooper G12
llandro,478895559,0,0,0,CLS: CLS Han Chewbacca Chewpio C-3PO
llandro,478895559,0,0,0,GAS: GAS Rex Echo (501st) Fives ARC Trooper
llandro,478895559,5,0,5,Grievous Omicron: GG B2 B1 MagnaGuard Droideka G11
llandro,478895559,12,0,12,Geonosians Omicron: GBA G12 Sun Fac Geo Soldier G12 Geo Spy Poggle G12
Rebel78,883592965,0,0,0,Phasma: Phasma FOTP FOSFTP FOST Kylo
Rebel78,883592965,0,0,0,padme: Padme GK JKA Ahsoka CAT
Rebel78,883592965,0,0,0,Grievous Omicron: GG B2 B1 MagnaGuard Droideka
Rebel78,883592965,0,0,0,Negotiator: Negotiator BTL-B Y-wing Anakin's Eta-2 Rex's ARC-170 Umbaran SF Ahsoka's SF Plo's SF Clone Sergeant's ARC-170
Rebel78,883592965,0,0,0,CLS: CLS Han Chewbacca Chewpio C-3PO
Rebel78,883592965,0,0,0,GAS: GAS Rex Echo (501st) Fives ARC Trooper
Rebel78,883592965,26,25,1,Geonosians Omicron: GBA Sun Fac Geo Soldier Geo Spy Poggle
Hyper Revanur,474854236,0,0,0,Phasma: Phasma FOTP FOSFTP FOST Kylo
Hyper Revanur,474854236,4,4,0,padme: Padme GK JKA Ahsoka C-3PO
Hyper Revanur,474854236,1,1,0,Malevolence: Malevolence Hyena Bomber Vulture Droid Sun Fac SF Soldier SF Spy SF
Hyper Revanur,474854236,20,0,20,Geonosians Omicron: GBA G12 Sun Fac G12 Geo Soldier G12 Geo Spy G12 Poggle G12
Hyper Revanur,474854236,27,27,0,Troopers: Veers Piett Gideon Dark Trooper Range Trooper
Hyper Revanur,474854236,10,10,0,CLS: CLS Han Chewbacca Chewpio R2-D2
Hyper Revanur,474854236,1,0,1,Negotiator: Negotiator BTL-B Y-wing Anakin's Eta-2 Rex's ARC-170 3* LVunit.level Umbaran SF Ahsoka's SF Plo's SF 5* LVunit.level Clone Sergeant's ARC-170
Vertigone,255751531,5,5,0,padme: Padme GK JKA Ahsoka C-3PO
Vertigone,255751531,1,1,0,Negotiator: Negotiator BTL-B Y-wing Anakin's Eta-2 Rex's ARC-170 Umbaran SF Ahsoka's SF Plo's SF Clone Sergeant's ARC-170
Vertigone,255751531,1,1,0,Malevolence: Malevolence Hyena Bomber Vulture Droid Sun Fac SF Soldier SF Spy SF
Vertigone,255751531,20,0,20,Geonosians Omicron: GBA G12 Sun Fac G12 Geo Soldier G12 Geo Spy G12 Poggle G12
Vertigone,255751531,20,8,12,Troopers: Veers G12 Piett Gideon G12 Dark Trooper Range Trooper G12
Vertigone,255751531,0,0,0,CLS: CLS Han Chewbacca Chewpio R2-D2
Vertigone,255751531,49,48,1,Phasma: Phasma FOTP FOSFTP FOST Kylo
Vertigone,255751531,29,28,1,Grievous Omicron: GG R2 B2 B1 MagnaGuard Droideka
HarryTheHutt,683648442,0,0,0,padme: Padme GK JKA Ahsoka C-3PO
HarryTheHutt,683648442,3,0,3,Grievous Omicron: GG B2 R2 B1 MagnaGuard Droideka R1
HarryTheHutt,683648442,1,1,0,Negotiator: Negotiator BTL-B Y-wing Anakin's Eta-2 Rex's ARC-170 Umbaran SF Ahsoka's SF Plo's SF Clone Sergeant's ARC-170
HarryTheHutt,683648442,0,0,0,Malevolence: Malevolence Hyena Bomber Vulture Droid Sun Fac SF Soldier SF Spy SF
HarryTheHutt,683648442,16,16,0,Geonosians Omicron: GBA Sun Fac Geo Soldier Geo Spy Poggle
HarryTheHutt,683648442,4,0,4,CLS: CLS Han Chewbacca Chewpio R2-D2 G12
HarryTheHutt,683648442,0,0,0,GAS: GAS Rex Echo (501st) Fives ARC Trooper
HarryTheHutt,683648442,1,0,1,Phasma: Phasma FOTP FOSFTP FOST Kylo
HarryTheHutt,683648442,17,0,17,Troopers: Veers R1 Piett Starck G12 Dark Trooper G9 Range Trooper G12
Shazrogg,343336179,0,0,0,Phasma: Phasma FOTP FOSFTP FOST Kylo
Shazrogg,343336179,4,4,0,padme: Padme GK JKA Ahsoka C-3PO
Shazrogg,343336179,1,0,1,Malevolence: Malevolence 5* Hyena Bomber Vulture Droid Sun Fac SF Soldier SF Spy SF
Shazrogg,343336179,16,16,0,Geonosians Omicron: GBA Sun Fac Geo Soldier Geo Spy Poggle
Shazrogg,343336179,16,0,16,Troopers: Veers G12 Piett Gideon G12 Dark Trooper G12 Range Trooper G12
Shazrogg,343336179,4,0,4,CLS: CLS Han Chewbacca Chewpio R2-D2 G12
Shazrogg,343336179,31,30,1,Grievous Omicron: GG B2 B1 MagnaGuard Droideka
Shazrogg,343336179,1,0,1,Negotiator: Negotiator BTL-B Y-wing 5* Anakin's Eta-2 Rex's ARC-170 5* Umbaran SF Ahsoka's SF Plo's SF Clone Sergeant's ARC-170
Shazrogg,343336179,30,0,30,GAS: GAS G7 5* Rex G10 Echo (501st) G10 Fives ARC Trooper G7 5*
Woggex,437342655,0,0,0,padme: Padme GK JKA Ahsoka CAT
Woggex,437342655,8,0,8,Grievous Omicron: GG B2 G12 B1 MagnaGuard Droideka G12
Woggex,437342655,20,20,0,Geonosians Omicron: GBA Sun Fac Geo Soldier Geo Spy Poggle
Woggex,437342655,4,3,1,Troopers: Veers Piett Starck Dark Trooper Range Trooper R2
Woggex,437342655,0,0,0,CLS: CLS Han Chewbacca Chewpio C-3PO
Woggex,437342655,0,0,0,GAS: GAS Rex Echo (501st) Fives ARC Trooper
Woggex,437342655,31,30,1,Phasma: Phasma FOTP FOSFTP FOST Kylo
Lilboivig,531314937,0,0,0,padme: Padme GK JKA Ahsoka C-3PO
Lilboivig,531314937,6,2,4,Grievous Omicron: GG B2 B1 G12 MagnaGuard Droideka
Lilboivig,531314937,1,1,0,Negotiator: Negotiator BTL-B Y-wing Anakin's Eta-2 Rex's ARC-170 Umbaran SF Ahsoka's SF Plo's SF Clone Sergeant's ARC-170
Lilboivig,531314937,0,0,0,Malevolence: Malevolence Hyena Bomber Vulture Droid Sun Fac SF Soldier SF Spy SF
Lilboivig,531314937,21,5,16,Geonosians Omicron: GBA G12 Sun Fac G12 Geo Soldier G12 Geo Spy Poggle G12
Lilboivig,531314937,50,36,14,Troopers: Veers G12 Piett Gideon G12 Dark Trooper Range Trooper G10
Lilboivig,531314937,5,5,0,CLS: CLS Han Chewbacca Chewpio R2-D2
Lilboivig,531314937,47,47,0,GAS: GAS Rex Echo (501st) Fives ARC Trooper
Lilboivig,531314937,1,0,1,Phasma: Phasma FOTP FOSFTP FOST Kylo
Magnar argorn,694122251,0,0,0,padme: Padme GK JKA Ahsoka CAT
Magnar argorn,694122251,4,0,4,Grievous Omicron: GG B2 B1 MagnaGuard Droideka G12
Magnar argorn,694122251,1,1,0,Negotiator: Negotiator BTL-B Y-wing Anakin's Eta-2 Rex's ARC-170 Umbaran SF Ahsoka's SF Plo's SF Clone Sergeant's ARC-170
Magnar argorn,694122251,0,0,0,Malevolence: Malevolence Hyena Bomber Vulture Droid Sun Fac SF Soldier SF Spy SF
Magnar argorn,694122251,13,0,13,Geonosians Omicron: GBA R2 Sun Fac G12 Geo Soldier G12 Geo Spy Poggle G12
Magnar argorn,694122251,22,9,13,Troopers: Veers G12 Piett Gideon G12 Dark Trooper Range Trooper G11
Magnar argorn,694122251,0,0,0,CLS: CLS Han Chewbacca Chewpio C-3PO
Magnar argorn,694122251,0,0,0,GAS: GAS Rex Echo (501st) Fives ARC Trooper
Magnar argorn,694122251,1,0,1,Phasma: Phasma FOTP FOSFTP FOST Kylo
Mecha,318634765,0,0,0,Phasma: Phasma FOTP FOSFTP FOST Kylo
Mecha,318634765,0,0,0,padme: Padme GK JKA Ahsoka C-3PO
Mecha,318634765,0,0,0,Negotiator: Negotiator BTL-B Y-wing Anakin's Eta-2 Rex's ARC-170 Umbaran SF Ahsoka's SF Plo's SF Clone Sergeant's ARC-170
Mecha,318634765,1,1,0,Malevolence: Malevolence Hyena Bomber Vulture Droid Sun Fac SF Soldier SF Spy SF
Mecha,318634765,16,12,4,Troopers: Veers Piett Starck Dark Trooper Range Trooper G12
Mecha,318634765,0,0,0,CLS: CLS Han Chewbacca Chewpio R2-D2
Mecha,318634765,0,0,0,GAS: GAS Rex Echo (501st) Fives ARC Trooper
Mecha,318634765,18,10,8,Grievous Omicron: GG B2 G12 B1 MagnaGuard Droideka G12
Mecha,318634765,22,2,20,Geonosians Omicron: GBA G12 Sun Fac G12 Geo Soldier G12 Geo Spy G12 Poggle G12
AtomPlays,724255859,0,0,0,padme: Padme GK JKA Ahsoka CAT
AtomPlays,724255859,4,0,4,Grievous Omicron: GG B2 B1 MagnaGuard Droideka G12
AtomPlays,724255859,1,1,0,Negotiator: Negotiator BTL-B Y-wing Anakin's Eta-2 Rex's ARC-170 Umbaran SF Ahsoka's SF Plo's SF Clone Sergeant's ARC-170
AtomPlays,724255859,1,1,0,Malevolence: Malevolence Hyena Bomber Vulture Droid Sun Fac SF Soldier SF Spy SF
AtomPlays,724255859,45,45,0,Geonosians Omicron: GBA Sun Fac Geo Soldier Geo Spy Poggle
AtomPlays,724255859,36,24,12,Troopers: Veers G12 Piett Starck G12 Dark Trooper Range Trooper G12
AtomPlays,724255859,8,8,0,CLS: CLS Han Chewbacca Chewpio C-3PO
AtomPlays,724255859,0,0,0,GAS: GAS Rex Echo (501st) Fives ARC Trooper
AtomPlays,724255859,40,39,1,Phasma: Phasma FOTP FOSFTP FOST Kylo
Folos,398344769,0,0,0,padme: Padme GK JKA Ahsoka CAT
Folos,398344769,8,8,0,Grievous Omicron: GG B2 B1 MagnaGuard Droideka
Folos,398344769,0,0,0,Negotiator: Negotiator BTL-B Y-wing Anakin's Eta-2 Rex's ARC-170 Umbaran SF Ahsoka's SF Plo's SF Clone Sergeant's ARC-170
Folos,398344769,0,0,0,Malevolence: Malevolence Hyena Bomber Vulture Droid Sun Fac SF Soldier SF Spy SF
Folos,398344769,20,20,0,Geonosians Omicron: GBA Sun Fac Geo Soldier Geo Spy Poggle
Folos,398344769,0,0,0,CLS: CLS Han Chewbacca Chewpio C-3PO
Folos,398344769,0,0,0,GAS: GAS Rex Echo (501st) Fives ARC Trooper
Folos,398344769,42,41,1,Phasma: Phasma FOTP FOSFTP FOST Kylo
Folos,398344769,45,0,45,Troopers: Veers G9 Piett Gideon G8 Dark Trooper G1 Range Trooper G1
HADES1970,457933461,1,1,0,Phasma: Phasma FOTP FOSFTP FOST Kylo
HADES1970,457933461,0,0,0,padme: Padme GK JKA Ahsoka CAT
HADES1970,457933461,0,0,0,Grievous Omicron: GG B2 B1 MagnaGuard Droideka
HADES1970,457933461,0,0,0,Negotiator: Negotiator BTL-B Y-wing Anakin's Eta-2 Rex's ARC-170 Umbaran SF Ahsoka's SF Plo's SF Clone Sergeant's ARC-170
HADES1970,457933461,0,0,0,Malevolence: Malevolence Hyena Bomber Vulture Droid Sun Fac SF Soldier SF Spy SF
HADES1970,457933461,20,20,0,Geonosians Omicron: GBA Sun Fac Geo Soldier Geo Spy Poggle
HADES1970,457933461,4,4,0,CLS: CLS Han Chewbacca Chewpio C-3PO
HADES1970,457933461,0,0,0,GAS: GAS Rex Echo (501st) Fives ARC Trooper
HADES1970,457933461,22,4,18,Troopers: Veers Piett Starck Dark Trooper G13 Range Trooper G1 5*
Whisk,383428245,0,0,0,padme: Padme GK JKA Ahsoka CAT
Whisk,383428245,28,28,0,Grievous Omicron: GG B2 B1 MagnaGuard Droideka
Whisk,383428245,1,1,0,Negotiator: Negotiator BTL-B Y-wing Anakin's Eta-2 Rex's ARC-170 Umbaran SF Ahsoka's SF Plo's SF Clone Sergeant's ARC-170
Whisk,383428245,0,0,0,Malevolence: Malevolence Hyena Bomber Vulture Droid Sun Fac SF Soldier SF Spy SF
Whisk,383428245,20,20,0,Geonosians Omicron: GBA Sun Fac Geo Soldier Geo Spy Poggle
Whisk,383428245,4,0,4,Troopers: Veers Piett Starck Dark Trooper Range Trooper G12
Whisk,383428245,0,0,0,CLS: CLS Han Chewbacca Chewpio C-3PO
Whisk,383428245,44,43,1,Phasma: Phasma FOTP FOSFTP FOST Kylo
Whisk,383428245,47,10,37,GAS: GAS G11 Rex G8 Echo (501st) G8 Fives G8 ARC Trooper G8
Death2MC,766619493,0,0,0,padme: Padme GK JKA Ahsoka CAT
Death2MC,766619493,0,0,0,Negotiator: Negotiator BTL-B Y-wing Anakin's Eta-2 Rex's ARC-170 Umbaran SF Ahsoka's SF Plo's SF Clone Sergeant's ARC-170
Death2MC,766619493,0,0,0,Malevolence: Malevolence Hyena Bomber Vulture Droid Sun Fac SF Soldier SF Spy SF
Death2MC,766619493,0,0,0,CLS: CLS Han Chewbacca Chewpio C-3PO
Death2MC,766619493,0,0,0,GAS: GAS Rex Echo (501st) Fives ARC Trooper
Death2MC,766619493,50,49,1,Phasma: Phasma FOTP FOSFTP FOST Kylo
Death2MC,766619493,8,2,6,Grievous Omicron: GG B2 R1 B1 MagnaGuard Droideka G12
Death2MC,766619493,20,19,1,Geonosians Omicron: GBA Sun Fac Geo Soldier Geo Spy Poggle
Death2MC,766619493,26,11,15,Troopers: Veers Piett Starck Dark Trooper Range Trooper G1 5*
Mithrall05,937315856,0,0,0,padme: Padme GK JKA Ahsoka C-3PO
Mithrall05,937315856,16,0,16,Geonosians Omicron: GBA G12 Sun Fac G12 Geo Soldier G12 Geo Spy Poggle G12
Mithrall05,937315856,0,0,0,CLS: CLS Han Chewbacca Chewpio R2-D2
Mithrall05,937315856,34,33,1,Phasma: Phasma FOTP FOSFTP FOST Kylo
Mithrall05,937315856,42,11,31,Grievous Omicron: GG R1 B2 G9 B1 G10 MagnaGuard G8 Droideka G8
Mithrall05,937315856,1,0,1,Negotiator: Negotiator BTL-B Y-wing Anakin's Eta-2 Rex's ARC-170 3* LVunit.level Umbaran SF Ahsoka's SF Plo's SF Clone Sergeant's ARC-170
Mithrall05,937315856,1,0,1,Malevolence: Malevolence 5* Hyena Bomber Vulture Droid Sun Fac SF LVunit.level Soldier SF Spy SF
Mithrall05,937315856,34,4,30,Troopers: Veers G12 Piett Starck G12 Dark Trooper G4 Range Trooper G6 6*
TheEmpress,842227845,0,0,0,Phasma: Phasma FOTP FOSFTP FOST Kylo
TheEmpress,842227845,0,0,0,padme: Padme GK JKA Ahsoka C-3PO
TheEmpress,842227845,1,1,0,Grievous Omicron: GG B2 B1 MagnaGuard Droideka
TheEmpress,842227845,0,0,0,Negotiator: Negotiator BTL-B Y-wing Anakin's Eta-2 Rex's ARC-170 Umbaran SF Ahsoka's SF Plo's SF Clone Sergeant's ARC-170
TheEmpress,842227845,0,0,0,Malevolence: Malevolence Hyena Bomber Vulture Droid Sun Fac SF Soldier SF Spy SF
TheEmpress,842227845,16,0,16,Geonosians Omicron: GBA Sun Fac G12 Geo Soldier G12 Geo Spy G12 Poggle G12
TheEmpress,842227845,0,0,0,CLS: CLS Han Chewbacca Chewpio R2-D2
TheEmpress,842227845,0,0,0,GAS: GAS Rex Echo (501st) Fives ARC Trooper
TheEmpress,842227845,16,0,16,Troopers: Veers G13 Piett Gideon G13 Dark Trooper G13 Range Trooper G9
Darr Mejhan,871838931,20,20,0,padme: Padme GK JKA Ahsoka C-3PO
Darr Mejhan,871838931,0,0,0,Malevolence: Malevolence Hyena Bomber Vulture Droid Sun Fac SF Soldier SF Spy SF
Darr Mejhan,871838931,14,0,14,Geonosians Omicron: GBA G12 Sun Fac R2 Geo Soldier G12 Geo Spy R2 Poggle G12
Darr Mejhan,871838931,0,0,0,Troopers: Veers Piett Gideon Dark Trooper Range Trooper
Darr Mejhan,871838931,30,27,3,GAS: GAS Rex R2 Echo (501st) R1 Fives ARC Trooper
Darr Mejhan,871838931,1,0,1,Phasma: Phasma FOTP FOSFTP FOST Kylo
Darr Mejhan,871838931,29,23,6,Grievous Omicron: GG B2 B1 R2 MagnaGuard R2 Droideka G12
Darr Mejhan,871838931,19,12,7,CLS: CLS Han Chewbacca Chewpio R2-D2 G9
Pabon,123455129,0,0,0,Phasma: Phasma FOTP FOSFTP FOST Kylo
Pabon,123455129,0,0,0,padme: Padme GK JKA Ahsoka C-3PO
Pabon,123455129,12,0,12,Troopers: Veers G12 Piett Gideon G12 Dark Trooper Range Trooper G12
Pabon,123455129,0,0,0,CLS: CLS Han Chewbacca Chewpio R2-D2
Pabon,123455129,4,0,4,Grievous Omicron: GG G12 B2 B1 MagnaGuard Droideka
Pabon,123455129,1,0,1,Negotiator: Negotiator BTL-B Y-wing Anakin's Eta-2 Rex's ARC-170 Umbaran SF Ahsoka's SF Plo's SF Clone Sergeant's ARC-170 4*
Pabon,123455129,1,0,1,Malevolence: Malevolence Hyena Bomber 5* Vulture Droid 5* Sun Fac SF Soldier SF Spy SF
Pabon,123455129,20,0,20,Geonosians Omicron: GBA G12 Sun Fac G12 Geo Soldier G12 Geo Spy G12 Poggle G12
Torin Woodle,625239834,0,0,0,Phasma: Phasma FOTP FOSFTP FOST Kylo
Torin Woodle,625239834,1,1,0,Malevolence: Malevolence Hyena Bomber Vulture Droid Sun Fac SF Soldier SF Spy SF
Torin Woodle,625239834,20,0,20,Geonosians Omicron: GBA G12 Sun Fac G12 Geo Soldier G12 Geo Spy G12 Poggle G12
Torin Woodle,625239834,12,12,0,CLS: CLS Han Chewbacca Chewpio C-3PO
Torin Woodle,625239834,29,0,29,Grievous Omicron: GG B2 G11 B1 G10 6* MagnaGuard G9 Droideka G5
Torin Woodle,625239834,1,0,1,Negotiator: Negotiator 5* BTL-B Y-wing 6* Anakin's Eta-2 Rex's ARC-170 6* Umbaran SF Ahsoka's SF Plo's SF Clone Sergeant's ARC-170
Torin Woodle,625239834,23,2,21,Troopers: Veers G12 Piett Gideon G9 Dark Trooper G11 Range Trooper G11 6*
patchwurks,733699447,0,0,0,Phasma: Phasma FOTP FOSFTP FOST Kylo
patchwurks,733699447,2,0,2,padme: Padme R1 GK JKA Ahsoka C-3PO
patchwurks,733699447,26,26,0,CLS: CLS Han Chewbacca Chewpio R2-D2
patchwurks,733699447,0,0,0,GAS: GAS Rex Echo (501st) Fives ARC Trooper
patchwurks,733699447,16,1,15,Grievous Omicron: GG G12 B2 G12 B1 MagnaGuard G13 Droideka G12
patchwurks,733699447,1,0,1,Negotiator: Negotiator BTL-B Y-wing 4* Anakin's Eta-2 Rex's ARC-170 Umbaran SF Ahsoka's SF Plo's SF Clone Sergeant's ARC-170
patchwurks,733699447,50,0,50,Geonosians Omicron: GBA G1 4* Sun Fac G1 Geo Soldier G10 Geo Spy G7 Poggle G11
patchwurks,733699447,21,0,21,Troopers: Veers G12 Piett Gideon G9 Dark Trooper G12 Range Trooper G10 5*
Damask Holdings,628389113,18,14,4,padme: Padme G12 GK JKA Ahsoka C-3PO
Damask Holdings,628389113,1,1,0,Negotiator: Negotiator BTL-B Y-wing Anakin's Eta-2 Rex's ARC-170 Umbaran SF Ahsoka's SF Plo's SF Clone Sergeant's ARC-170
Damask Holdings,628389113,1,1,0,Malevolence: Malevolence Hyena Bomber Vulture Droid Sun Fac SF Soldier SF Spy SF
Damask Holdings,628389113,20,0,20,Geonosians Omicron: GBA G12 Sun Fac G12 Geo Soldier G12 Geo Spy G12 Poggle G12
Damask Holdings,628389113,18,6,12,Troopers: Veers G12 Piett Gideon G12 Dark Trooper Range Trooper G12
Damask Holdings,628389113,0,0,0,CLS: CLS Han Chewbacca Chewpio R2-D2
Damask Holdings,628389113,40,32,8,GAS: GAS Rex Echo (501st) G12 Fives ARC Trooper G12
Damask Holdings,628389113,42,41,1,Phasma: Phasma FOTP FOSFTP FOST Kylo
Damask Holdings,628389113,43,42,1,Grievous Omicron: GG B2 B1 MagnaGuard Droideka
Pad'wan Liaf,387834279,0,0,0,padme: Padme GK JKA Ahsoka CAT
Pad'wan Liaf,387834279,1,1,0,Grievous Omicron: GG B2 B1 MagnaGuard Droideka
Pad'wan Liaf,387834279,16,0,16,Geonosians Omicron: GBA Sun Fac G12 Geo Soldier G12 Geo Spy G12 Poggle G12
Pad'wan Liaf,387834279,0,0,0,CLS: CLS Han Chewbacca Chewpio C-3PO
Pad'wan Liaf,387834279,0,0,0,GAS: GAS Rex Echo (501st) Fives ARC Trooper
Pad'wan Liaf,387834279,1,0,1,Phasma: Phasma FOTP FOSFTP FOST Kylo
Pad'wan Liaf,387834279,1,0,1,Negotiator: Negotiator BTL-B Y-wing 2* Anakin's Eta-2 Rex's ARC-170 Umbaran SF Ahsoka's SF Plo's SF Clone Sergeant's ARC-170
Pad'wan Liaf,387834279,9,0,9,Troopers: Veers G13 Piett Gideon G13 Dark Trooper G13 Range Trooper
DarthBolognese,139445371,0,0,0,padme: Padme GK JKA Ahsoka CAT
DarthBolognese,139445371,1,0,1,Negotiator: Negotiator BTL-B Y-wing 6* Anakin's Eta-2 Rex's ARC-170 Umbaran SF Ahsoka's SF Plo's SF Clone Sergeant's ARC-170
DarthBolognese,139445371,16,0,16,Geonosians Omicron: GBA Sun Fac G12 Geo Soldier G12 Geo Spy G12 Poggle G12
DarthBolognese,139445371,0,0,0,CLS: CLS Han Chewbacca Chewpio C-3PO
DarthBolognese,139445371,0,0,0,GAS: GAS Rex Echo (501st) Fives ARC Trooper
DarthBolognese,139445371,1,0,1,Phasma: Phasma FOTP FOSFTP FOST Kylo
DarthBolognese,139445371,4,0,4,Grievous Omicron: GG B2 B1 MagnaGuard Droideka G12
DarthBolognese,139445371,1,0,1,Malevolence: Malevolence Hyena Bomber 4* Vulture Droid 3* Sun Fac SF Soldier SF Spy SF
DarthBolognese,139445371,30,0,30,Troopers: Veers Piett Gideon Dark Trooper G1 3* Range Trooper G1 6*
Pkunk,925263588,0,0,0,padme: Padme GK JKA Ahsoka C-3PO
Pkunk,925263588,6,6,0,Grievous Omicron: GG B2 B1 MagnaGuard Droideka
Pkunk,925263588,1,1,0,Negotiator: Negotiator BTL-B Y-wing Anakin's Eta-2 Rex's ARC-170 Umbaran SF Ahsoka's SF Plo's SF Clone Sergeant's ARC-170
Pkunk,925263588,0,0,0,Malevolence: Malevolence Hyena Bomber Vulture Droid Sun Fac SF Soldier SF Spy SF
Pkunk,925263588,20,0,20,Geonosians Omicron: GBA G12 Sun Fac G12 Geo Soldier G12 Geo Spy G12 Poggle G12
Pkunk,925263588,18,18,0,CLS: CLS Han Chewbacca Chewpio R2-D2
Pkunk,925263588,28,14,14,GAS: GAS R1 Rex R1 Echo (501st) G12 Fives R1 ARC Trooper G12
Pkunk,925263588,42,0,42,Phasma: Phasma G8 FOTP G8 FOSFTP G8 FOST G6 Kylo G8
Pkunk,925263588,26,0,26,Troopers: Veers G12 Piett G12 Starck G12 Dark Trooper G9 Range Trooper G9
Caminator,316517664,0,0,0,padme: Padme GK JKA Ahsoka C-3PO
Caminator,316517664,0,0,0,Grievous Omicron: GG B2 B1 MagnaGuard Droideka
Caminator,316517664,20,0,20,Geonosians Omicron: GBA G12 Sun Fac G12 Geo Soldier G12 Geo Spy G12 Poggle G12
Caminator,316517664,9,9,0,CLS: CLS Han Chewbacca Chewpio R2-D2
Caminator,316517664,0,0,0,GAS: GAS Rex Echo (501st) Fives ARC Trooper
Caminator,316517664,1,0,1,Phasma: Phasma FOTP FOSFTP FOST Kylo
Caminator,316517664,1,0,1,Negotiator: Negotiator BTL-B Y-wing Anakin's Eta-2 Rex's ARC-170 Umbaran SF Ahsoka's SF Plo's SF Clone Sergeant's ARC-170 LVunit.level
Caminator,316517664,45,0,45,Troopers: Veers G7 Piett Starck G10 Dark Trooper G1 5* Range Trooper G1 5*
Haveuseenthiswizard,181145495,0,0,0,Phasma: Phasma FOTP FOSFTP FOST Kylo
Haveuseenthiswizard,181145495,21,21,0,padme: Padme GK JKA Ahsoka C-3PO
Haveuseenthiswizard,181145495,0,0,0,Malevolence: Malevolence Hyena Bomber Vulture Droid Sun Fac SF Soldier SF Spy SF
Haveuseenthiswizard,181145495,20,0,20,Geonosians Omicron: GBA G12 Sun Fac G12 Geo Soldier G12 Geo Spy G12 Poggle G12
Haveuseenthiswizard,181145495,49,49,0,CLS: CLS Han Chewbacca Chewpio R2-D2
Haveuseenthiswizard,181145495,37,33,4,Grievous Omicron: GG G12 B2 B1 MagnaGuard Droideka
Haveuseenthiswizard,181145495,1,0,1,Negotiator: Negotiator BTL-B Y-wing 4* Anakin's Eta-2 6* Rex's ARC-170 Umbaran SF Ahsoka's SF Plo's SF Clone Sergeant's ARC-170
Haveuseenthiswizard,181145495,29,4,25,Troopers: Veers G10 Piett Gideon G10 Dark Trooper G9 Range Trooper G10 6*
BombadGeneral Løck,329813995,0,0,0,Phasma: Phasma FOTP FOSFTP FOST Kylo
BombadGeneral Løck,329813995,0,0,0,padme: Padme GK JKA Ahsoka CAT
BombadGeneral Løck,329813995,0,0,0,Grievous Omicron: GG B2 B1 MagnaGuard Droideka
BombadGeneral Løck,329813995,0,0,0,Negotiator: Negotiator BTL-B Y-wing Anakin's Eta-2 Rex's ARC-170 Umbaran SF Ahsoka's SF Plo's SF Clone Sergeant's ARC-170
BombadGeneral Løck,329813995,0,0,0,Malevolence: Malevolence Hyena Bomber Vulture Droid Sun Fac SF Soldier SF Spy SF
BombadGeneral Løck,329813995,12,0,12,Geonosians Omicron: GBA Sun Fac G12 Geo Soldier G12 Geo Spy Poggle G12
BombadGeneral Løck,329813995,1,0,1,Troopers: Veers Piett Starck Dark Trooper Range Trooper R2
BombadGeneral Løck,329813995,0,0,0,CLS: CLS Han Chewbacca Chewpio C-3PO
BombadGeneral Løck,329813995,0,0,0,GAS: GAS Rex Echo (501st) Fives ARC Trooper
Revanur,278546959,0,0,0,padme: Padme GK JKA Ahsoka C-3PO
Revanur,278546959,12,12,0,Grievous Omicron: GG B2 B1 MagnaGuard Droideka
Revanur,278546959,0,0,0,Negotiator: Negotiator BTL-B Y-wing Anakin's Eta-2 Rex's ARC-170 Umbaran SF Ahsoka's SF Plo's SF Clone Sergeant's ARC-170
Revanur,278546959,1,1,0,Malevolence: Malevolence Hyena Bomber Vulture Droid Sun Fac SF Soldier SF Spy SF
Revanur,278546959,20,20,0,Geonosians Omicron: GBA Sun Fac Geo Soldier Geo Spy Poggle
Revanur,278546959,0,0,0,Troopers: Veers Piett Gideon Dark Trooper Range Trooper
Revanur,278546959,0,0,0,CLS: CLS Han Chewbacca Chewpio R2-D2
Revanur,278546959,23,22,1,Phasma: Phasma FOTP FOSFTP FOST Kylo
Revanur,278546959,36,0,36,GAS: GAS G7 6* Rex G12 Echo (501st) G12 Fives G12 ARC Trooper G1 6*
Mashed,141979986,0,0,0,padme: Padme GK JKA Ahsoka C-3PO
Mashed,141979986,0,0,0,Malevolence: Malevolence Hyena Bomber Vulture Droid Sun Fac SF Soldier SF Spy SF
Mashed,141979986,0,0,0,Troopers: Veers Piett Gideon Dark Trooper Range Trooper
Mashed,141979986,0,0,0,CLS: CLS Han Chewbacca Chewpio R2-D2
Mashed,141979986,1,0,1,Phasma: Phasma FOTP FOSFTP FOST Kylo
Mashed,141979986,32,31,1,Grievous Omicron: GG B2 B1 MagnaGuard Droideka
Mashed,141979986,1,0,1,Negotiator: Negotiator BTL-B Y-wing 6* Anakin's Eta-2 Rex's ARC-170 Umbaran SF Ahsoka's SF Plo's SF Clone Sergeant's ARC-170 5*
Mashed,141979986,18,0,18,Geonosians Omicron: GBA G11 Sun Fac G12 Geo Soldier G12 Geo Spy Poggle G11
prettyhatemachine,882761145,0,0,0,Phasma: Phasma FOTP FOSFTP FOST Kylo
prettyhatemachine,882761145,0,0,0,padme: Padme GK JKA Ahsoka C-3PO
prettyhatemachine,882761145,0,0,0,Negotiator: Negotiator BTL-B Y-wing Anakin's Eta-2 Rex's ARC-170 Umbaran SF Ahsoka's SF Plo's SF Clone Sergeant's ARC-170
prettyhatemachine,882761145,0,0,0,Malevolence: Malevolence Hyena Bomber Vulture Droid Sun Fac SF Soldier SF Spy SF
prettyhatemachine,882761145,20,20,0,Geonosians Omicron: GBA Sun Fac Geo Soldier Geo Spy Poggle
prettyhatemachine,882761145,16,8,8,Troopers: Veers Piett Starck Dark Trooper G12 Range Trooper G12
prettyhatemachine,882761145,10,10,0,CLS: CLS Han Chewbacca Chewpio R2-D2
prettyhatemachine,882761145,25,25,0,GAS: GAS Rex Echo (501st) Fives ARC Trooper
prettyhatemachine,882761145,39,31,8,Grievous Omicron: GG G12 B2 B1 MagnaGuard Droideka G12
Miks,946639477,12,8,4,padme: Padme G12 GK JKA Ahsoka C-3PO
Miks,946639477,8,0,8,Grievous Omicron: GG B2 G12 B1 MagnaGuard Droideka G12
Miks,946639477,1,1,0,Malevolence: Malevolence Hyena Bomber Vulture Droid Sun Fac SF Soldier SF Spy SF
Miks,946639477,20,20,0,Geonosians Omicron: GBA Sun Fac Geo Soldier Geo Spy Poggle
Miks,946639477,8,4,4,Troopers: Veers Piett Starck Dark Trooper Range Trooper G12
Miks,946639477,22,18,4,CLS: CLS Han Chewbacca Chewpio R2-D2 G12
Miks,946639477,12,12,0,GAS: GAS Rex Echo (501st) Fives ARC Trooper
Miks,946639477,1,0,1,Phasma: Phasma FOTP FOSFTP FOST Kylo
Miks,946639477,1,0,1,Negotiator: Negotiator BTL-B Y-wing Anakin's Eta-2 Rex's ARC-170 Umbaran SF Ahsoka's SF Plo's SF Clone Sergeant's ARC-170 4* LVunit.level
Eze,768358558,0,0,0,Phasma: Phasma FOTP FOSFTP FOST Kylo
Eze,768358558,0,0,0,padme: Padme GK JKA Ahsoka CAT
Eze,768358558,16,0,16,Geonosians Omicron: GBA Sun Fac G12 Geo Soldier G12 Geo Spy G12 Poggle G12
Eze,768358558,0,0,0,CLS: CLS Han Chewbacca Chewpio C-3PO
Eze,768358558,0,0,0,GAS: GAS Rex Echo (501st) Fives ARC Trooper
Eze,768358558,1,0,1,Grievous Omicron: GG B2 B1 MagnaGuard Droideka R2
Eze,768358558,1,0,1,Negotiator: Negotiator BTL-B Y-wing Anakin's Eta-2 Rex's ARC-170 Umbaran SF Ahsoka's SF Plo's SF 6* Clone Sergeant's ARC-170
Eze,768358558,19,0,19,Troopers: Veers Piett Starck Dark Trooper G7 Range Trooper G6 6*
DarthCarbonara,627877888,0,0,0,Phasma: Phasma FOTP FOSFTP FOST Kylo
DarthCarbonara,627877888,17,4,13,padme: Padme GK JKA G8 6* Ahsoka G11 CAT
DarthCarbonara,627877888,48,3,45,Grievous Omicron: GG B2 G1 B1 G1 MagnaGuard Droideka G1
DarthCarbonara,627877888,23,0,23,CLS: CLS G12 Han Chewbacca Chewpio G1 4* R2-D2 G12
Boom Roasted,273267268,0,0,0,Phasma: Phasma FOTP FOSFTP FOST Kylo
Boom Roasted,273267268,0,0,0,padme: Padme GK JKA Ahsoka CAT
Boom Roasted,273267268,8,0,8,Grievous Omicron: GG B2 G12 B1 MagnaGuard Droideka G12
Boom Roasted,273267268,0,0,0,Negotiator: Negotiator BTL-B Y-wing Anakin's Eta-2 Rex's ARC-170 Umbaran SF Ahsoka's SF Plo's SF Clone Sergeant's ARC-170
Boom Roasted,273267268,0,0,0,Malevolence: Malevolence Hyena Bomber Vulture Droid Sun Fac SF Soldier SF Spy SF
Boom Roasted,273267268,0,0,0,Geonosians Omicron: GBA Sun Fac Geo Soldier Geo Spy Poggle
Boom Roasted,273267268,13,5,8,Troopers: Veers Piett Starck Dark Trooper G12 Range Trooper G12
Boom Roasted,273267268,0,0,0,CLS: CLS Han Chewbacca Chewpio C-3PO
Boom Roasted,273267268,0,0,0,GAS: GAS Rex Echo (501st) Fives ARC Trooper
Niallis,925193879,20,20,0,Geonosians Omicron: GBA Sun Fac Geo Soldier Geo Spy Poggle
Niallis,925193879,19,19,0,Troopers: Veers Piett Starck Dark Trooper Range Trooper
Niallis,925193879,0,0,0,CLS: CLS Han Chewbacca Chewpio C-3PO
Niallis,925193879,1,0,1,Phasma: Phasma FOTP FOSFTP FOST Kylo
Niallis,925193879,4,3,1,Grievous Omicron: GG R2 B2 B1 MagnaGuard Droideka
Niallis,925193879,1,0,1,Negotiator: Negotiator BTL-B Y-wing Anakin's Eta-2 Rex's ARC-170 Umbaran SF Ahsoka's SF Plo's SF Clone Sergeant's ARC-170 LVunit.level
Niallis,925193879,1,0,1,Malevolence: Malevolence Hyena Bomber 6* Vulture Droid Sun Fac SF Soldier SF Spy SF
Shadow13,822421553,0,0,0,padme: Padme GK JKA Ahsoka CAT
Shadow13,822421553,1,1,0,Negotiator: Negotiator BTL-B Y-wing Anakin's Eta-2 Rex's ARC-170 Umbaran SF Ahsoka's SF Plo's SF Clone Sergeant's ARC-170
Shadow13,822421553,4,4,0,CLS: CLS Han Chewbacca Chewpio C-3PO
Shadow13,822421553,12,12,0,GAS: GAS Rex Echo (501st) Fives ARC Trooper
Shadow13,822421553,48,47,1,Phasma: Phasma FOTP FOSFTP FOST Kylo
Shadow13,822421553,19,3,16,Grievous Omicron: GG G12 B2 B1 G12 MagnaGuard G12 Droideka G12
Shadow13,822421553,1,0,1,Malevolence: Malevolence Hyena Bomber 5* Vulture Droid 6* Sun Fac SF Soldier SF Spy SF
Shadow13,822421553,43,42,1,Geonosians Omicron: GBA Sun Fac Geo Soldier Geo Spy Poggle
Shadow13,822421553,18,7,11,Troopers: Veers Piett Starck Dark Trooper G9 Range Trooper G12
Richmal,414213241,0,0,0,Phasma: Phasma FOTP FOSFTP FOST Kylo
Richmal,414213241,0,0,0,padme: Padme GK JKA Ahsoka C-3PO
Richmal,414213241,0,0,0,Grievous Omicron: GG B2 B1 MagnaGuard Droideka
Richmal,414213241,17,0,17,Geonosians Omicron: GBA R2 Sun Fac G12 Geo Soldier G12 Geo Spy G12 Poggle G12
Richmal,414213241,5,5,0,CLS: CLS Han Chewbacca Chewpio R2-D2
Richmal,414213241,0,0,0,GAS: GAS Rex Echo (501st) Fives ARC Trooper
Richmal,414213241,1,0,1,Negotiator: Negotiator BTL-B Y-wing 4* Anakin's Eta-2 Rex's ARC-170 Umbaran SF Ahsoka's SF Plo's SF Clone Sergeant's ARC-170
Richmal,414213241,1,0,1,Malevolence: Malevolence Hyena Bomber 4* Vulture Droid 3* Sun Fac SF Soldier SF Spy SF
Richmal,414213241,41,21,20,Troopers: Veers G10 Piett Starck G11 Dark Trooper G11 Range Trooper G12
Qex,654613761,0,0,0,padme: Padme GK JKA Ahsoka CAT
Qex,654613761,1,1,0,Malevolence: Malevolence Hyena Bomber Vulture Droid Sun Fac SF Soldier SF Spy SF
Qex,654613761,20,0,20,Geonosians Omicron: GBA G12 Sun Fac G12 Geo Soldier G12 Geo Spy G12 Poggle G12
Qex,654613761,25,13,12,Troopers: Veers G12 Piett Gideon G12 Dark Trooper Range Trooper G12
Qex,654613761,0,0,0,CLS: CLS Han Chewbacca Chewpio C-3PO
Qex,654613761,0,0,0,GAS: GAS Rex Echo (501st) Fives ARC Trooper
Qex,654613761,47,0,47,Phasma: Phasma G8 FOTP G8 FOSFTP G1 5* FOST G8 5* Kylo G8
Qex,654613761,9,0,9,Grievous Omicron: GG B2 G12 B1 MagnaGuard Droideka G11
Qex,654613761,1,0,1,Negotiator: Negotiator BTL-B Y-wing Anakin's Eta-2 Rex's ARC-170 Umbaran SF Ahsoka's SF Plo's SF Clone Sergeant's ARC-170 LVunit.level
3CPO ConfusingHumanRelations,642448877,0,0,0,Phasma: Phasma FOTP FOSFTP FOST Kylo
3CPO ConfusingHumanRelations,642448877,0,0,0,padme: Padme GK JKA Ahsoka CAT
3CPO ConfusingHumanRelations,642448877,2,0,2,Grievous Omicron: GG B2 R2 B1 R2 MagnaGuard Droideka
3CPO ConfusingHumanRelations,642448877,1,1,0,Negotiator: Negotiator BTL-B Y-wing Anakin's Eta-2 Rex's ARC-170 Umbaran SF Ahsoka's SF Plo's SF Clone Sergeant's ARC-170
3CPO ConfusingHumanRelations,642448877,1,1,0,Malevolence: Malevolence Hyena Bomber Vulture Droid Sun Fac SF Soldier SF Spy SF
3CPO ConfusingHumanRelations,642448877,28,28,0,Geonosians Omicron: GBA Sun Fac Geo Soldier Geo Spy Poggle
3CPO ConfusingHumanRelations,642448877,0,0,0,CLS: CLS Han Chewbacca Chewpio C-3PO
3CPO ConfusingHumanRelations,642448877,8,4,4,GAS: GAS Rex R1 Echo (501st) Fives R1 ARC Trooper
