Player,Ally Code,Starting Gear Needed,Progress,Current Gear Needed,Team
Mashed,141979986,0,0,0,padme: Padme GK JKA Ahsoka Tano (Snips) CAT
Mashed,141979986,0,0,0,Malevolence: Malevolence Hyena Bomber Vulture Droid Sun Fac SF Soldier SF Spy SF
Mashed,141979986,0,0,0,Troopers: Veers Piett Gideon Dark Trooper Range Trooper
Mashed,141979986,0,0,0,CLS: CLS Han Chewbacca Chewpio C-3PO
Mashed,141979986,1,0,1,Phasma: Phasma FOTP FOSFTP FOST Kylo
Mashed,141979986,32,31,1,Grievous Omicron: GG B2 B1 MagnaGuard Droideka
Mashed,141979986,1,0,1,Negotiator: Negotiator BTL-B Y-wing Anakin's Eta-2 Rex's ARC-170 Umbaran SF Ahsoka's SF Plo's SF Clone Sergeant's ARC-170 5*
Mashed,141979986,18,0,18,Geonosians Omicron: GBA G11 Sun Fac G12 Geo Soldier G12 Geo Spy Poggle G11
Mashed,141979986,44,0,44,GAS: GAS G1 6* Rex G11 Echo (501st) G8 Fives G8 ARC Trooper G8
Folos,398344769,0,0,0,padme: Padme GK JKA Ahsoka Tano (Snips) CAT
Folos,398344769,8,8,0,Grievous Omicron: GG B2 B1 MagnaGuard Droideka
Folos,398344769,0,0,0,Negotiator: Negotiator BTL-B Y-wing Anakin's Eta-2 Rex's ARC-170 Umbaran SF Ahsoka's SF Plo's SF Clone Sergeant's ARC-170
Folos,398344769,0,0,0,Malevolence: Malevolence Hyena Bomber Vulture Droid Sun Fac SF Soldier SF Spy SF
Folos,398344769,20,20,0,Geonosians Omicron: GBA Sun Fac Geo Soldier Geo Spy Poggle
Folos,398344769,0,0,0,CLS: CLS Han Chewbacca Chewpio C-3PO
Folos,398344769,0,0,0,GAS: GAS Rex Echo (501st) Fives ARC Trooper
Folos,398344769,42,41,1,Phasma: Phasma FOTP FOSFTP FOST Kylo
Folos,398344769,45,8,37,Troopers: Veers G9 Piett Gideon Dark Trooper G1 Range Trooper G1
Dudenstein,976438939,0,0,0,Phasma: Phasma FOTP FOSFTP FOST Kylo
Dudenstein,976438939,0,0,0,padme: Padme GK JKA Ahsoka Tano (Snips) CAT
Dudenstein,976438939,0,0,0,Grievous Omicron: GG B2 B1 MagnaGuard Droideka
Dudenstein,976438939,0,0,0,Negotiator: Negotiator BTL-B Y-wing Anakin's Eta-2 Rex's ARC-170 Umbaran SF Ahsoka's SF Plo's SF Clone Sergeant's ARC-170
Dudenstein,976438939,0,0,0,Malevolence: Malevolence Hyena Bomber Vulture Droid Sun Fac SF Soldier SF Spy SF
Dudenstein,976438939,0,0,0,Geonosians Omicron: GBA Sun Fac Geo Soldier Geo Spy Poggle
Dudenstein,976438939,0,0,0,Troopers: Veers Piett Gideon Dark Trooper Range Trooper
Dudenstein,976438939,0,0,0,CLS: CLS Han Chewbacca Chewpio C-3PO
Dudenstein,976438939,0,0,0,GAS: GAS Rex Echo (501st) Fives ARC Trooper
Niallis,925193879,1,1,0,Negotiator: Negotiator BTL-B Y-wing Anakin's Eta-2 Rex's ARC-170 Umbaran SF Ahsoka's SF Plo's SF Clone Sergeant's ARC-170
Niallis,925193879,1,1,0,Malevolence: Malevolence Hyena Bomber Vulture Droid Sun Fac SF Soldier SF Spy SF
Niallis,925193879,20,20,0,Geonosians Omicron: GBA Sun Fac Geo Soldier Geo Spy Poggle
Niallis,925193879,19,19,0,Troopers: Veers Piett Starck Dark Trooper Range Trooper
Niallis,925193879,0,0,0,CLS: CLS Han Chewbacca Chewpio C-3PO
Niallis,925193879,1,0,1,Phasma: Phasma FOTP FOSFTP FOST Kylo
Niallis,925193879,4,3,1,Grievous Omicron: GG B2 B1 MagnaGuard Droideka
Magnar argorn,694122251,0,0,0,padme: Padme GK JKA Ahsoka Tano (Snips) CAT
Magnar argorn,694122251,4,0,4,Grievous Omicron: GG B2 B1 MagnaGuard Droideka G12
Magnar argorn,694122251,1,1,0,Negotiator: Negotiator BTL-B Y-wing Anakin's Eta-2 Rex's ARC-170 Umbaran SF Ahsoka's SF Plo's SF Clone Sergeant's ARC-170
Magnar argorn,694122251,0,0,0,Malevolence: Malevolence Hyena Bomber Vulture Droid Sun Fac SF Soldier SF Spy SF
Magnar argorn,694122251,13,0,13,Geonosians Omicron: GBA R2 Sun Fac G12 Geo Soldier G12 Geo Spy Poggle G12
Magnar argorn,694122251,22,10,12,Troopers: Veers G12 Piett Gideon G12 Dark Trooper Range Trooper G12
Magnar argorn,694122251,0,0,0,CLS: CLS Han Chewbacca Chewpio C-3PO
Magnar argorn,694122251,0,0,0,GAS: GAS Rex Echo (501st) Fives ARC Trooper
Magnar argorn,694122251,1,0,1,Phasma: Phasma FOTP FOSFTP FOST Kylo
HarryTheHutt,683648442,0,0,0,padme: Padme GK JKA Ahsoka Tano (Snips) C-3PO
HarryTheHutt,683648442,3,1,2,Grievous Omicron: GG B2 R2 B1 MagnaGuard Droideka R2
HarryTheHutt,683648442,1,1,0,Negotiator: Negotiator BTL-B Y-wing Anakin's Eta-2 Rex's ARC-170 Umbaran SF Ahsoka's SF Plo's SF Clone Sergeant's ARC-170
HarryTheHutt,683648442,0,0,0,Malevolence: Malevolence Hyena Bomber Vulture Droid Sun Fac SF Soldier SF Spy SF
HarryTheHutt,683648442,16,16,0,Geonosians Omicron: GBA Sun Fac Geo Soldier Geo Spy Poggle
HarryTheHutt,683648442,17,5,12,Troopers: Veers R1 Piett Starck G12 Dark Trooper R1 Range Trooper G12
HarryTheHutt,683648442,4,0,4,CLS: CLS Han Chewbacca Chewpio R2-D2 G12
HarryTheHutt,683648442,0,0,0,GAS: GAS Rex Echo (501st) Fives ARC Trooper
HarryTheHutt,683648442,1,0,1,Phasma: Phasma FOTP FOSFTP FOST Kylo
Seaoxe,954655852,0,0,0,padme: Padme GK JKA Ahsoka Tano (Snips) CAT
Seaoxe,954655852,0,0,0,Grievous Omicron: GG B2 B1 MagnaGuard Droideka
Seaoxe,954655852,0,0,0,Negotiator: Negotiator BTL-B Y-wing Anakin's Eta-2 Rex's ARC-170 Umbaran SF Ahsoka's SF Plo's SF Clone Sergeant's ARC-170
Seaoxe,954655852,0,0,0,Malevolence: Malevolence Hyena Bomber Vulture Droid Sun Fac SF Soldier SF Spy SF
Seaoxe,954655852,0,0,0,Geonosians Omicron: GBA Sun Fac Geo Soldier Geo Spy Poggle
Seaoxe,954655852,0,0,0,CLS: CLS Han Chewbacca Chewpio C-3PO
Seaoxe,954655852,0,0,0,GAS: GAS Rex Echo (501st) Fives ARC Trooper
Seaoxe,954655852,1,0,1,Phasma: Phasma FOTP FOSFTP FOST Kylo
Seaoxe,954655852,28,0,28,Troopers: Veers G12 Piett Starck G12 Dark Trooper G11 Range Trooper G1 3*
Whisk,383428245,0,0,0,padme: Padme GK JKA Ahsoka Tano (Snips) CAT
Whisk,383428245,28,28,0,Grievous Omicron: GG B2 B1 MagnaGuard Droideka
Whisk,383428245,1,1,0,Negotiator: Negotiator BTL-B Y-wing Anakin's Eta-2 Rex's ARC-170 Umbaran SF Ahsoka's SF Plo's SF Clone Sergeant's ARC-170
Whisk,383428245,0,0,0,Malevolence: Malevolence Hyena Bomber Vulture Droid Sun Fac SF Soldier SF Spy SF
Whisk,383428245,20,20,0,Geonosians Omicron: GBA Sun Fac Geo Soldier Geo Spy Poggle
Whisk,383428245,4,0,4,Troopers: Veers Piett Starck Dark Trooper Range Trooper G12
Whisk,383428245,0,0,0,CLS: CLS Han Chewbacca Chewpio C-3PO
Whisk,383428245,44,43,1,Phasma: Phasma FOTP FOSFTP FOST Kylo
Whisk,383428245,47,15,32,GAS: GAS Rex G8 Echo (501st) G8 Fives G8 ARC Trooper G8
DarthBolognese,139445371,0,0,0,padme: Padme GK JKA Ahsoka Tano (Snips) CAT
DarthBolognese,139445371,1,1,0,Negotiator: Negotiator BTL-B Y-wing Anakin's Eta-2 Rex's ARC-170 Umbaran SF Ahsoka's SF Plo's SF Clone Sergeant's ARC-170
DarthBolognese,139445371,16,0,16,Geonosians Omicron: GBA Sun Fac G12 Geo Soldier G12 Geo Spy G12 Poggle G12
DarthBolognese,139445371,0,0,0,CLS: CLS Han Chewbacca Chewpio C-3PO
DarthBolognese,139445371,0,0,0,GAS: GAS Rex Echo (501st) Fives ARC Trooper
DarthBolognese,139445371,1,0,1,Phasma: Phasma FOTP FOSFTP FOST Kylo
DarthBolognese,139445371,4,0,4,Grievous Omicron: GG B2 B1 MagnaGuard Droideka G12
DarthBolognese,139445371,1,0,1,Malevolence: Malevolence Hyena Bomber 4* Vulture Droid 3* Sun Fac SF Soldier SF Spy SF
DarthBolognese,139445371,30,0,30,Troopers: Veers Piett Gideon Dark Trooper G1 3* Range Trooper G1
Shalien,717273842,20,20,0,Phasma: Phasma FOTP FOSFTP FOST Kylo
Shalien,717273842,0,0,0,padme: Padme GK JKA Ahsoka Tano (Snips) CAT
Shalien,717273842,3,3,0,Grievous Omicron: GG B2 B1 MagnaGuard Droideka
Shalien,717273842,0,0,0,Negotiator: Negotiator BTL-B Y-wing Anakin's Eta-2 Rex's ARC-170 Umbaran SF Ahsoka's SF Plo's SF Clone Sergeant's ARC-170
Shalien,717273842,1,1,0,Malevolence: Malevolence Hyena Bomber Vulture Droid Sun Fac SF Soldier SF Spy SF
Shalien,717273842,20,10,10,Geonosians Omicron: GBA R1 Sun Fac R1 Geo Soldier R1 Geo Spy R1 Poggle R1
Shalien,717273842,0,0,0,CLS: CLS Han Chewbacca Chewpio C-3PO
Shalien,717273842,14,6,8,GAS: GAS Rex R1 Echo (501st) R1 Fives R1 ARC Trooper R1
Shalien,717273842,31,7,24,Troopers: Veers G12 Piett Gideon G12 Dark Trooper G9 6* Range Trooper G7 6*
Woggex,437342655,0,0,0,padme: Padme GK JKA Ahsoka Tano (Snips) CAT
Woggex,437342655,8,0,8,Grievous Omicron: GG B2 G12 B1 MagnaGuard Droideka G12
Woggex,437342655,20,20,0,Geonosians Omicron: GBA Sun Fac Geo Soldier Geo Spy Poggle
Woggex,437342655,4,3,1,Troopers: Veers Piett Starck Dark Trooper Range Trooper R2
Woggex,437342655,0,0,0,CLS: CLS Han Chewbacca Chewpio C-3PO
Woggex,437342655,0,0,0,GAS: GAS Rex Echo (501st) Fives ARC Trooper
Woggex,437342655,31,30,1,Phasma: Phasma FOTP FOSFTP FOST Kylo
Rhaugz,412575262,0,0,0,Phasma: Phasma FOTP FOSFTP FOST Kylo
Rhaugz,412575262,2,2,0,padme: Padme GK JKA Ahsoka Tano (Snips) C-3PO
Rhaugz,412575262,0,0,0,Negotiator: Negotiator BTL-B Y-wing Anakin's Eta-2 Rex's ARC-170 Umbaran SF Ahsoka's SF Plo's SF Clone Sergeant's ARC-170
Rhaugz,412575262,0,0,0,Malevolence: Malevolence Hyena Bomber Vulture Droid Sun Fac SF Soldier SF Spy SF
Rhaugz,412575262,16,0,16,Geonosians Omicron: GBA G12 Sun Fac G12 Geo Soldier G12 Geo Spy Poggle G12
Rhaugz,412575262,10,0,10,Troopers: Veers R1 Piett Gideon G12 Dark Trooper Range Trooper G12
Rhaugz,412575262,8,8,0,CLS: CLS Han Chewbacca Chewpio R2-D2
Rhaugz,412575262,31,30,1,Grievous Omicron: GG B2 B1 MagnaGuard Droideka
Rhaugz,412575262,35,0,35,GAS: GAS G1 5* Rex G12 Echo (501st) G10 Fives G12 ARC Trooper G10
Coleslaw Crusader,145146522,0,0,0,Geonosians Omicron: GBA Sun Fac Geo Soldier Geo Spy Poggle
Coleslaw Crusader,145146522,0,0,0,CLS: CLS Han Chewbacca Chewpio C-3PO
Coleslaw Crusader,145146522,1,0,1,Phasma: Phasma FOTP FOSFTP FOST Kylo
Coleslaw Crusader,145146522,1,0,1,Grievous Omicron: GG B2 B1 MagnaGuard Droideka
Coleslaw Crusader,145146522,20,0,20,Troopers: Veers G12 Piett Gideon G9 Dark Trooper G11 Range Trooper G12
Miks,946639477,12,8,4,padme: Padme G12 GK JKA Ahsoka Tano (Snips) C-3PO
Miks,946639477,8,4,4,Grievous Omicron: GG B2 B1 MagnaGuard Droideka G12
Miks,946639477,1,1,0,Malevolence: Malevolence Hyena Bomber Vulture Droid Sun Fac SF Soldier SF Spy SF
Miks,946639477,20,20,0,Geonosians Omicron: GBA Sun Fac Geo Soldier Geo Spy Poggle
Miks,946639477,8,4,4,Troopers: Veers Piett Starck Dark Trooper Range Trooper G12
Miks,946639477,22,22,0,CLS: CLS Han Chewbacca Chewpio R2-D2
Miks,946639477,12,12,0,GAS: GAS Rex Echo (501st) Fives ARC Trooper
Miks,946639477,1,0,1,Phasma: Phasma FOTP FOSFTP FOST Kylo
Miks,946639477,1,0,1,Negotiator: Negotiator BTL-B Y-wing Anakin's Eta-2 Rex's ARC-170 Umbaran SF Ahsoka's SF Plo's SF Clone Sergeant's ARC-170 4* LVunit.level
Tesserak,226145399,0,0,0,Phasma: Phasma FOTP FOSFTP FOST Kylo
Tesserak,226145399,0,0,0,Grievous Omicron: GG B2 B1 MagnaGuard Droideka
Tesserak,226145399,1,1,0,Negotiator: Negotiator BTL-B Y-wing Anakin's Eta-2 Rex's ARC-170 Umbaran SF Ahsoka's SF Plo's SF Clone Sergeant's ARC-170
Tesserak,226145399,0,0,0,Malevolence: Malevolence Hyena Bomber Vulture Droid Sun Fac SF Soldier SF Spy SF
Tesserak,226145399,0,0,0,Geonosians Omicron: GBA Sun Fac Geo Soldier Geo Spy Poggle
Tesserak,226145399,12,0,12,Troopers: Veers G12 Piett Starck G12 Dark Trooper Range Trooper G12
Tesserak,226145399,0,0,0,CLS: CLS Han Chewbacca Chewpio C-3PO
Markie wan Denobi,543843381,0,0,0,Phasma: Phasma FOTP FOSFTP FOST Kylo
Markie wan Denobi,543843381,0,0,0,padme: Padme GK JKA Ahsoka Tano (Snips) CAT
Markie wan Denobi,543843381,0,0,0,Grievous Omicron: GG B2 B1 MagnaGuard Droideka
Markie wan Denobi,543843381,0,0,0,Negotiator: Negotiator BTL-B Y-wing Anakin's Eta-2 Rex's ARC-170 Umbaran SF Ahsoka's SF Plo's SF Clone Sergeant's ARC-170
Markie wan Denobi,543843381,12,0,12,Geonosians Omicron: GBA Sun Fac G12 Geo Soldier G12 Geo Spy Poggle G12
Markie wan Denobi,543843381,0,0,0,CLS: CLS Han Chewbacca Chewpio C-3PO
Markie wan Denobi,543843381,0,0,0,GAS: GAS Rex Echo (501st) Fives ARC Trooper
Caminator,316517664,0,0,0,padme: Padme GK JKA Ahsoka Tano (Snips) CAT
Caminator,316517664,0,0,0,Grievous Omicron: GG B2 B1 MagnaGuard Droideka
Caminator,316517664,20,0,20,Geonosians Omicron: GBA G12 Sun Fac G12 Geo Soldier G12 Geo Spy G12 Poggle G12
Caminator,316517664,0,0,0,CLS: CLS Han Chewbacca Chewpio C-3PO
Caminator,316517664,0,0,0,GAS: GAS Rex Echo (501st) Fives ARC Trooper
Caminator,316517664,1,0,1,Phasma: Phasma FOTP FOSFTP FOST Kylo
Caminator,316517664,1,0,1,Negotiator: Negotiator BTL-B Y-wing Anakin's Eta-2 Rex's ARC-170 Umbaran SF Ahsoka's SF Plo's SF Clone Sergeant's ARC-170 LVunit.level
Caminator,316517664,45,0,45,Troopers: Veers G7 Piett Starck G10 Dark Trooper G1 5* Range Trooper G1 5*
Schoolly D,327441434,4,4,0,padme: Padme GK JKA Ahsoka Tano (Snips) C-3PO
Schoolly D,327441434,0,0,0,Negotiator: Negotiator BTL-B Y-wing Anakin's Eta-2 Rex's ARC-170 Umbaran SF Ahsoka's SF Plo's SF Clone Sergeant's ARC-170
Schoolly D,327441434,27,27,0,CLS: CLS Han Chewbacca Chewpio R2-D2
Schoolly D,327441434,0,0,0,GAS: GAS Rex Echo (501st) Fives ARC Trooper
Schoolly D,327441434,12,11,1,Phasma: Phasma FOTP FOSFTP FOST Kylo
Schoolly D,327441434,12,11,1,Grievous Omicron: GG B2 B1 MagnaGuard Droideka
Schoolly D,327441434,21,20,1,Geonosians Omicron: GBA Sun Fac Geo Soldier Geo Spy Poggle
Schoolly D,327441434,1,0,1,Malevolence: Malevolence 5* Hyena Bomber 6* Vulture Droid 6* Sun Fac SF Soldier SF Spy SF
Schoolly D,327441434,42,15,27,Troopers: Veers G12 Piett Starck G12 Dark Trooper G1 Range Trooper G12
3CPO ConfusingHumanRelations,642448877,0,0,0,Phasma: Phasma FOTP FOSFTP FOST Kylo
3CPO ConfusingHumanRelations,642448877,0,0,0,padme: Padme GK JKA Ahsoka Tano (Snips) CAT
3CPO ConfusingHumanRelations,642448877,2,0,2,Grievous Omicron: GG B2 R2 B1 R2 MagnaGuard Droideka
3CPO ConfusingHumanRelations,642448877,1,1,0,Negotiator: Negotiator BTL-B Y-wing Anakin's Eta-2 Rex's ARC-170 Umbaran SF Ahsoka's SF Plo's SF Clone Sergeant's ARC-170
3CPO ConfusingHumanRelations,642448877,1,1,0,Malevolence: Malevolence Hyena Bomber Vulture Droid Sun Fac SF Soldier SF Spy SF
3CPO ConfusingHumanRelations,642448877,28,28,0,Geonosians Omicron: GBA Sun Fac Geo Soldier Geo Spy Poggle
3CPO ConfusingHumanRelations,642448877,0,0,0,CLS: CLS Han Chewbacca Chewpio C-3PO
3CPO ConfusingHumanRelations,642448877,8,4,4,GAS: GAS Rex R1 Echo (501st) Fives R1 ARC Trooper
Vertigone,255751531,5,5,0,padme: Padme GK JKA Ahsoka Tano (Snips) C-3PO
Vertigone,255751531,29,29,0,Grievous Omicron: GG B2 B1 MagnaGuard Droideka
Vertigone,255751531,1,1,0,Negotiator: Negotiator BTL-B Y-wing Anakin's Eta-2 Rex's ARC-170 Umbaran SF Ahsoka's SF Plo's SF Clone Sergeant's ARC-170
Vertigone,255751531,1,1,0,Malevolence: Malevolence Hyena Bomber Vulture Droid Sun Fac SF Soldier SF Spy SF
Vertigone,255751531,20,0,20,Geonosians Omicron: GBA G12 Sun Fac G12 Geo Soldier G12 Geo Spy G12 Poggle G12
Vertigone,255751531,20,8,12,Troopers: Veers G12 Piett Gideon G12 Dark Trooper Range Trooper G12
Vertigone,255751531,0,0,0,CLS: CLS Han Chewbacca Chewpio R2-D2
Vertigone,255751531,49,48,1,Phasma: Phasma FOTP FOSFTP FOST Kylo
Richmal,414213241,0,0,0,Phasma: Phasma FOTP FOSFTP FOST Kylo
Richmal,414213241,0,0,0,padme: Padme GK JKA Ahsoka Tano (Snips) C-3PO
Richmal,414213241,0,0,0,Grievous Omicron: GG B2 B1 MagnaGuard Droideka
Richmal,414213241,17,1,16,Geonosians Omicron: GBA Sun Fac G12 Geo Soldier G12 Geo Spy G12 Poggle G12
Richmal,414213241,5,5,0,CLS: CLS Han Chewbacca Chewpio R2-D2
Richmal,414213241,0,0,0,GAS: GAS Rex Echo (501st) Fives ARC Trooper
Richmal,414213241,1,0,1,Negotiator: Negotiator BTL-B Y-wing 4* Anakin's Eta-2 Rex's ARC-170 Umbaran SF Ahsoka's SF Plo's SF Clone Sergeant's ARC-170
Richmal,414213241,1,0,1,Malevolence: Malevolence Hyena Bomber 4* Vulture Droid 4* Sun Fac SF Soldier SF Spy SF
Richmal,414213241,41,21,20,Troopers: Veers G10 Piett Starck G11 Dark Trooper G11 Range Trooper G12
Revanur,278546959,0,0,0,padme: Padme GK JKA Ahsoka Tano (Snips) CAT
Revanur,278546959,12,12,0,Grievous Omicron: GG B2 B1 MagnaGuard Droideka
Revanur,278546959,0,0,0,Negotiator: Negotiator BTL-B Y-wing Anakin's Eta-2 Rex's ARC-170 Umbaran SF Ahsoka's SF Plo's SF Clone Sergeant's ARC-170
Revanur,278546959,1,1,0,Malevolence: Malevolence Hyena Bomber Vulture Droid Sun Fac SF Soldier SF Spy SF
Revanur,278546959,20,20,0,Geonosians Omicron: GBA Sun Fac Geo Soldier Geo Spy Poggle
Revanur,278546959,0,0,0,Troopers: Veers Piett Gideon Dark Trooper Range Trooper
Revanur,278546959,0,0,0,CLS: CLS Han Chewbacca Chewpio C-3PO
Revanur,278546959,23,22,1,Phasma: Phasma FOTP FOSFTP FOST Kylo
Revanur,278546959,36,0,36,GAS: GAS G7 Rex G12 Echo (501st) G12 Fives G12 ARC Trooper G1 6*
Pabon,123455129,0,0,0,Phasma: Phasma FOTP FOSFTP FOST Kylo
Pabon,123455129,0,0,0,padme: Padme GK JKA Ahsoka Tano (Snips) C-3PO
Pabon,123455129,1,1,0,Negotiator: Negotiator BTL-B Y-wing Anakin's Eta-2 Rex's ARC-170 Umbaran SF Ahsoka's SF Plo's SF Clone Sergeant's ARC-170
Pabon,123455129,1,1,0,Malevolence: Malevolence Hyena Bomber Vulture Droid Sun Fac SF Soldier SF Spy SF
Pabon,123455129,12,0,12,Troopers: Veers G12 Piett Gideon G12 Dark Trooper Range Trooper G12
Pabon,123455129,0,0,0,CLS: CLS Han Chewbacca Chewpio R2-D2
Pabon,123455129,4,0,4,Grievous Omicron: GG G12 B2 B1 MagnaGuard Droideka
Pabon,123455129,20,0,20,Geonosians Omicron: GBA G12 Sun Fac G12 Geo Soldier G12 Geo Spy G12 Poggle G12
Minho,797296684,0,0,0,Phasma: Phasma FOTP FOSFTP FOST Kylo
Minho,797296684,20,0,20,Geonosians Omicron: GBA G12 Sun Fac G12 Geo Soldier G12 Geo Spy G12 Poggle G12
Minho,797296684,0,0,0,CLS: CLS Han Chewbacca Chewpio C-3PO
Minho,797296684,5,0,5,Troopers: Veers Piett Starck Dark Trooper Range Trooper G11 5*
Mithrall05,937315856,0,0,0,padme: Padme GK JKA Ahsoka Tano (Snips) C-3PO
Mithrall05,937315856,1,0,1,Malevolence: Malevolence 5* Hyena Bomber Vulture Droid Sun Fac SF Soldier SF Spy SF
Mithrall05,937315856,16,0,16,Geonosians Omicron: GBA G12 Sun Fac G12 Geo Soldier G12 Geo Spy Poggle G12
Mithrall05,937315856,0,0,0,CLS: CLS Han Chewbacca Chewpio R2-D2
Mithrall05,937315856,34,33,1,Phasma: Phasma FOTP FOSFTP FOST Kylo
Mithrall05,937315856,42,13,29,Grievous Omicron: GG R1 B2 G11 B1 G10 MagnaGuard G8 Droideka G8
Mithrall05,937315856,1,0,1,Negotiator: Negotiator BTL-B Y-wing Anakin's Eta-2 Rex's ARC-170 3* LVunit.level Umbaran SF Ahsoka's SF Plo's SF Clone Sergeant's ARC-170
Mithrall05,937315856,34,4,30,Troopers: Veers G12 Piett Starck G12 Dark Trooper G4 Range Trooper G6 6*
Shadow13,822421553,0,0,0,padme: Padme GK JKA Ahsoka Tano (Snips) CAT
Shadow13,822421553,19,7,12,Grievous Omicron: GG B2 B1 G12 MagnaGuard G12 Droideka G12
Shadow13,822421553,1,1,0,Negotiator: Negotiator BTL-B Y-wing Anakin's Eta-2 Rex's ARC-170 Umbaran SF Ahsoka's SF Plo's SF Clone Sergeant's ARC-170
Shadow13,822421553,43,43,0,Geonosians Omicron: GBA Sun Fac Geo Soldier Geo Spy Poggle
Shadow13,822421553,4,4,0,CLS: CLS Han Chewbacca Chewpio C-3PO
Shadow13,822421553,12,12,0,GAS: GAS Rex Echo (501st) Fives ARC Trooper
Shadow13,822421553,48,47,1,Phasma: Phasma FOTP FOSFTP FOST Kylo
Shadow13,822421553,1,0,1,Malevolence: Malevolence Hyena Bomber 6* Vulture Droid Sun Fac SF Soldier SF Spy SF
Shadow13,822421553,18,7,11,Troopers: Veers Piett Starck Dark Trooper G9 Range Trooper G12
llandro,478895559,0,0,0,Phasma: Phasma FOTP FOSFTP FOST Kylo
llandro,478895559,0,0,0,padme: Padme GK JKA Ahsoka Tano (Snips) CAT
llandro,478895559,0,0,0,Negotiator: Negotiator BTL-B Y-wing Anakin's Eta-2 Rex's ARC-170 Umbaran SF Ahsoka's SF Plo's SF Clone Sergeant's ARC-170
llandro,478895559,0,0,0,Malevolence: Malevolence Hyena Bomber Vulture Droid Sun Fac SF Soldier SF Spy SF
llandro,478895559,21,7,14,Troopers: Veers G12 Piett Starck G12 Dark Trooper R1 Range Trooper G12
llandro,478895559,0,0,0,CLS: CLS Han Chewbacca Chewpio C-3PO
llandro,478895559,0,0,0,GAS: GAS Rex Echo (501st) Fives ARC Trooper
llandro,478895559,5,1,4,Grievous Omicron: GG B2 B1 MagnaGuard Droideka G12
llandro,478895559,12,0,12,Geonosians Omicron: GBA G12 Sun Fac Geo Soldier G12 Geo Spy Poggle G12
prettyhatemachine,882761145,0,0,0,Phasma: Phasma FOTP FOSFTP FOST Kylo
prettyhatemachine,882761145,0,0,0,padme: Padme GK JKA Ahsoka Tano (Snips) C-3PO
prettyhatemachine,882761145,39,35,4,Grievous Omicron: GG B2 B1 MagnaGuard Droideka G12
prettyhatemachine,882761145,0,0,0,Negotiator: Negotiator BTL-B Y-wing Anakin's Eta-2 Rex's ARC-170 Umbaran SF Ahsoka's SF Plo's SF Clone Sergeant's ARC-170
prettyhatemachine,882761145,0,0,0,Malevolence: Malevolence Hyena Bomber Vulture Droid Sun Fac SF Soldier SF Spy SF
prettyhatemachine,882761145,20,20,0,Geonosians Omicron: GBA Sun Fac Geo Soldier Geo Spy Poggle
prettyhatemachine,882761145,16,8,8,Troopers: Veers Piett Starck Dark Trooper G12 Range Trooper G12
prettyhatemachine,882761145,10,10,0,CLS: CLS Han Chewbacca Chewpio R2-D2
prettyhatemachine,882761145,25,25,0,GAS: GAS Rex Echo (501st) Fives ARC Trooper
xXDaChipXx,217292438,4,4,0,padme: Padme GK JKA Ahsoka Tano (Snips) CAT
xXDaChipXx,217292438,1,1,0,Negotiator: Negotiator BTL-B Y-wing Anakin's Eta-2 Rex's ARC-170 Umbaran SF Ahsoka's SF Plo's SF Clone Sergeant's ARC-170
xXDaChipXx,217292438,5,0,5,Troopers: Veers Piett Starck Dark Trooper Range Trooper G11
xXDaChipXx,217292438,0,0,0,CLS: CLS Han Chewbacca Chewpio C-3PO
xXDaChipXx,217292438,23,7,16,GAS: GAS Rex G12 Echo (501st) G12 Fives G12 ARC Trooper G12
xXDaChipXx,217292438,1,0,1,Phasma: Phasma FOTP FOSFTP FOST Kylo
xXDaChipXx,217292438,27,23,4,Grievous Omicron: GG B2 B1 MagnaGuard Droideka G12
Shazrogg,343336179,0,0,0,Phasma: Phasma FOTP FOSFTP FOST Kylo
Shazrogg,343336179,4,4,0,padme: Padme GK JKA Ahsoka Tano (Snips) C-3PO
Shazrogg,343336179,31,31,0,Grievous Omicron: GG B2 B1 MagnaGuard Droideka
Shazrogg,343336179,1,1,0,Malevolence: Malevolence Hyena Bomber Vulture Droid Sun Fac SF Soldier SF Spy SF
Shazrogg,343336179,16,16,0,Geonosians Omicron: GBA Sun Fac Geo Soldier Geo Spy Poggle
Shazrogg,343336179,16,0,16,Troopers: Veers G12 Piett Gideon G12 Dark Trooper G12 Range Trooper G12
Shazrogg,343336179,4,4,0,CLS: CLS Han Chewbacca Chewpio R2-D2
Shazrogg,343336179,1,0,1,Negotiator: Negotiator BTL-B Y-wing Anakin's Eta-2 Rex's ARC-170 5* Umbaran SF Ahsoka's SF Plo's SF Clone Sergeant's ARC-170
Shazrogg,343336179,30,1,29,GAS: GAS G8 6* Rex G10 Echo (501st) G10 Fives ARC Trooper G7 5*
Scorpion,481495952,0,0,0,padme: Padme GK JKA Ahsoka Tano (Snips) C-3PO
Scorpion,481495952,0,0,0,Grievous Omicron: GG B2 B1 MagnaGuard Droideka
Scorpion,481495952,0,0,0,Geonosians Omicron: GBA Sun Fac Geo Soldier Geo Spy Poggle
Scorpion,481495952,0,0,0,CLS: CLS Han Chewbacca Chewpio R2-D2
Scorpion,481495952,0,0,0,GAS: GAS Rex Echo (501st) Fives ARC Trooper
Scorpion,481495952,1,0,1,Phasma: Phasma FOTP FOSFTP FOST Kylo
Scorpion,481495952,40,0,40,Troopers: Veers G9 Piett G9 Gideon G9 Dark Trooper G8 Range Trooper G5 5*
JΞDΙ ΚΝΙGHT,677444398,0,0,0,Phasma: Phasma FOTP FOSFTP FOST Kylo
JΞDΙ ΚΝΙGHT,677444398,0,0,0,padme: Padme GK JKA Ahsoka Tano (Snips) CAT
JΞDΙ ΚΝΙGHT,677444398,12,0,12,Grievous Omicron: GG B2 G12 B1 G12 MagnaGuard Droideka G12
JΞDΙ ΚΝΙGHT,677444398,1,1,0,Negotiator: Negotiator BTL-B Y-wing Anakin's Eta-2 Rex's ARC-170 Umbaran SF Ahsoka's SF Plo's SF Clone Sergeant's ARC-170
JΞDΙ ΚΝΙGHT,677444398,0,0,0,Malevolence: Malevolence Hyena Bomber Vulture Droid Sun Fac SF Soldier SF Spy SF
JΞDΙ ΚΝΙGHT,677444398,20,0,20,Geonosians Omicron: GBA G12 Sun Fac G12 Geo Soldier G12 Geo Spy G12 Poggle G12
JΞDΙ ΚΝΙGHT,677444398,0,0,0,CLS: CLS Han Chewbacca Chewpio C-3PO
JΞDΙ ΚΝΙGHT,677444398,0,0,0,GAS: GAS Rex Echo (501st) Fives ARC Trooper
JΞDΙ ΚΝΙGHT,677444398,4,0,4,Troopers: Veers Piett Starck Dark Trooper Range Trooper G12
MINI NovaBonk,799531699,0,0,0,padme: Padme GK JKA Ahsoka Tano (Snips) CAT
MINI NovaBonk,799531699,4,4,0,Grievous Omicron: GG B2 B1 MagnaGuard Droideka
MINI NovaBonk,799531699,0,0,0,Negotiator: Negotiator BTL-B Y-wing Anakin's Eta-2 Rex's ARC-170 Umbaran SF Ahsoka's SF Plo's SF Clone Sergeant's ARC-170
MINI NovaBonk,799531699,0,0,0,Malevolence: Malevolence Hyena Bomber Vulture Droid Sun Fac SF Soldier SF Spy SF
MINI NovaBonk,799531699,20,0,20,Geonosians Omicron: GBA G12 Sun Fac G12 Geo Soldier G12 Geo Spy G12 Poggle G12
MINI NovaBonk,799531699,19,15,4,Troopers: Veers Piett Starck Dark Trooper Range Trooper G12
MINI NovaBonk,799531699,0,0,0,CLS: CLS Han Chewbacca Chewpio C-3PO
MINI NovaBonk,799531699,0,0,0,GAS: GAS Rex Echo (501st) Fives ARC Trooper
MINI NovaBonk,799531699,40,39,1,Phasma: Phasma FOTP FOSFTP FOST Kylo
OfficialJS,323139817,0,0,0,padme: Padme GK JKA Ahsoka Tano (Snips) CAT
OfficialJS,323139817,4,4,0,Grievous Omicron: GG B2 B1 MagnaGuard Droideka
OfficialJS,323139817,1,1,0,Negotiator: Negotiator BTL-B Y-wing Anakin's Eta-2 Rex's ARC-170 Umbaran SF Ahsoka's SF Plo's SF Clone Sergeant's ARC-170
OfficialJS,323139817,1,1,0,Malevolence: Malevolence Hyena Bomber Vulture Droid Sun Fac SF Soldier SF Spy SF
OfficialJS,323139817,20,0,20,Geonosians Omicron: GBA G12 Sun Fac G12 Geo Soldier G12 Geo Spy G12 Poggle G12
OfficialJS,323139817,0,0,0,CLS: CLS Han Chewbacca Chewpio C-3PO
OfficialJS,323139817,1,0,1,Phasma: Phasma FOTP FOSFTP FOST Kylo
OfficialJS,323139817,25,0,25,GAS: GAS G7 Rex G12 Echo (501st) G12 Fives G12 ARC Trooper G12
Torin Woodle,625239834,0,0,0,Phasma: Phasma FOTP FOSFTP FOST Kylo
Torin Woodle,625239834,21,13,8,padme: Padme G12 GK JKA G12 Ahsoka Tano (Snips) CAT
Torin Woodle,625239834,1,1,0,Malevolence: Malevolence Hyena Bomber Vulture Droid Sun Fac SF Soldier SF Spy SF
Torin Woodle,625239834,20,0,20,Geonosians Omicron: GBA G12 Sun Fac G12 Geo Soldier G12 Geo Spy G12 Poggle G12
Torin Woodle,625239834,12,12,0,CLS: CLS Han Chewbacca Chewpio C-3PO
Torin Woodle,625239834,29,17,12,Grievous Omicron: GG B2 G12 B1 MagnaGuard G12 Droideka G12
Torin Woodle,625239834,1,0,1,Negotiator: Negotiator BTL-B Y-wing Anakin's Eta-2 Rex's ARC-170 6* Umbaran SF Ahsoka's SF Plo's SF Clone Sergeant's ARC-170
Torin Woodle,625239834,23,2,21,Troopers: Veers G12 Piett Gideon G9 Dark Trooper G11 Range Trooper G11 6*
Torin Woodle,625239834,25,0,25,GAS: GAS G7 6* Rex G12 Echo (501st) G12 Fives G12 ARC Trooper G12
Qex,654613761,0,0,0,padme: Padme GK JKA Ahsoka Tano (Snips) CAT
Qex,654613761,1,1,0,Malevolence: Malevolence Hyena Bomber Vulture Droid Sun Fac SF Soldier SF Spy SF
Qex,654613761,20,0,20,Geonosians Omicron: GBA G12 Sun Fac G12 Geo Soldier G12 Geo Spy G12 Poggle G12
Qex,654613761,25,13,12,Troopers: Veers G12 Piett Gideon G12 Dark Trooper Range Trooper G12
Qex,654613761,0,0,0,CLS: CLS Han Chewbacca Chewpio C-3PO
Qex,654613761,0,0,0,GAS: GAS Rex Echo (501st) Fives ARC Trooper
Qex,654613761,47,0,47,Phasma: Phasma G8 FOTP G8 FOSFTP G1 FOST G8 5* Kylo G8
Qex,654613761,9,0,9,Grievous Omicron: GG B2 G12 B1 MagnaGuard Droideka G11
Qex,654613761,1,0,1,Negotiator: Negotiator BTL-B Y-wing Anakin's Eta-2 Rex's ARC-170 Umbaran SF Ahsoka's SF Plo's SF Clone Sergeant's ARC-170 LVunit.level
Aa,656877722,0,0,0,Grievous Omicron: GG B2 B1 MagnaGuard Droideka
Aa,656877722,8,4,4,padme: Padme GK JKA Ahsoka Tano (Snips) G12 C-3PO
Aa,656877722,1,1,0,Malevolence: Malevolence Hyena Bomber Vulture Droid Sun Fac SF Soldier SF Spy SF
Aa,656877722,16,0,16,Geonosians Omicron: GBA Sun Fac G12 Geo Soldier G12 Geo Spy G12 Poggle G12
Aa,656877722,0,0,0,CLS: CLS Han Chewbacca Chewpio R2-D2
Aa,656877722,12,0,12,GAS: GAS Rex G12 Echo (501st) G12 Fives ARC Trooper G12
Aa,656877722,1,0,1,Phasma: Phasma FOTP FOSFTP FOST Kylo
Aa,656877722,1,0,1,Negotiator: Negotiator BTL-B Y-wing 5* Anakin's Eta-2 Rex's ARC-170 Umbaran SF Ahsoka's SF Plo's SF Clone Sergeant's ARC-170
Aa,656877722,14,0,14,Troopers: Veers G12 Piett Gideon G12 Dark Trooper R1 Range Trooper G12
Haveuseenthiswizard,181145495,0,0,0,Phasma: Phasma FOTP FOSFTP FOST Kylo
Haveuseenthiswizard,181145495,21,21,0,padme: Padme GK JKA Ahsoka Tano (Snips) C-3PO
Haveuseenthiswizard,181145495,1,0,1,Negotiator: Negotiator BTL-B Y-wing 6* Anakin's Eta-2 Rex's ARC-170 Umbaran SF Ahsoka's SF Plo's SF Clone Sergeant's ARC-170
Haveuseenthiswizard,181145495,0,0,0,Malevolence: Malevolence Hyena Bomber Vulture Droid Sun Fac SF Soldier SF Spy SF
Haveuseenthiswizard,181145495,20,0,20,Geonosians Omicron: GBA G12 Sun Fac G12 Geo Soldier G12 Geo Spy G12 Poggle G12
Haveuseenthiswizard,181145495,49,49,0,CLS: CLS Han Chewbacca Chewpio R2-D2
Haveuseenthiswizard,181145495,37,33,4,Grievous Omicron: GG G12 B2 B1 MagnaGuard Droideka
Haveuseenthiswizard,181145495,29,6,23,Troopers: Veers G12 Piett Gideon G10 Dark Trooper G9 Range Trooper G10 6*
Haveuseenthiswizard,181145495,36,0,36,GAS: GAS G7 5* Rex G9 Echo (501st) G9 Fives G11 ARC Trooper G8 4*
Death2MC,766619493,0,0,0,padme: Padme GK JKA Ahsoka Tano (Snips) CAT
Death2MC,766619493,0,0,0,Negotiator: Negotiator BTL-B Y-wing Anakin's Eta-2 Rex's ARC-170 Umbaran SF Ahsoka's SF Plo's SF Clone Sergeant's ARC-170
Death2MC,766619493,0,0,0,Malevolence: Malevolence Hyena Bomber Vulture Droid Sun Fac SF Soldier SF Spy SF
Death2MC,766619493,0,0,0,CLS: CLS Han Chewbacca Chewpio C-3PO
Death2MC,766619493,0,0,0,GAS: GAS Rex Echo (501st) Fives ARC Trooper
Death2MC,766619493,50,49,1,Phasma: Phasma FOTP FOSFTP FOST Kylo
Death2MC,766619493,8,2,6,Grievous Omicron: GG B2 R1 B1 MagnaGuard Droideka G12
Death2MC,766619493,20,19,1,Geonosians Omicron: GBA Sun Fac Geo Soldier Geo Spy Poggle
Death2MC,766619493,26,11,15,Troopers: Veers Piett Starck Dark Trooper Range Trooper G1 6*
Boom Roasted,273267268,0,0,0,Phasma: Phasma FOTP FOSFTP FOST Kylo
Boom Roasted,273267268,0,0,0,padme: Padme GK JKA Ahsoka Tano (Snips) CAT
Boom Roasted,273267268,8,8,0,Grievous Omicron: GG B2 B1 MagnaGuard Droideka
Boom Roasted,273267268,0,0,0,Negotiator: Negotiator BTL-B Y-wing Anakin's Eta-2 Rex's ARC-170 Umbaran SF Ahsoka's SF Plo's SF Clone Sergeant's ARC-170
Boom Roasted,273267268,0,0,0,Malevolence: Malevolence Hyena Bomber Vulture Droid Sun Fac SF Soldier SF Spy SF
Boom Roasted,273267268,0,0,0,Geonosians Omicron: GBA Sun Fac Geo Soldier Geo Spy Poggle
Boom Roasted,273267268,13,5,8,Troopers: Veers Piett Starck Dark Trooper G12 Range Trooper G12
Boom Roasted,273267268,0,0,0,CLS: CLS Han Chewbacca Chewpio C-3PO
Boom Roasted,273267268,0,0,0,GAS: GAS Rex Echo (501st) Fives ARC Trooper
Blasterface,837128973,0,0,0,padme: Padme GK JKA Ahsoka Tano (Snips) CAT
Blasterface,837128973,0,0,0,Grievous Omicron: GG B2 B1 MagnaGuard Droideka
Blasterface,837128973,0,0,0,Negotiator: Negotiator BTL-B Y-wing Anakin's Eta-2 Rex's ARC-170 Umbaran SF Ahsoka's SF Plo's SF Clone Sergeant's ARC-170
Blasterface,837128973,0,0,0,Malevolence: Malevolence Hyena Bomber Vulture Droid Sun Fac SF Soldier SF Spy SF
Blasterface,837128973,0,0,0,Geonosians Omicron: GBA Sun Fac Geo Soldier Geo Spy Poggle
Blasterface,837128973,0,0,0,Troopers: Veers Piett Gideon Dark Trooper Range Trooper
Blasterface,837128973,0,0,0,CLS: CLS Han Chewbacca Chewpio C-3PO
Blasterface,837128973,0,0,0,GAS: GAS Rex Echo (501st) Fives ARC Trooper
Blasterface,837128973,1,0,1,Phasma: Phasma FOTP FOSFTP FOST Kylo
MysticSphinx,863632185,0,0,0,padme: Padme GK JKA Ahsoka Tano (Snips) C-3PO
MysticSphinx,863632185,1,1,0,Grievous Omicron: GG B2 B1 MagnaGuard Droideka
MysticSphinx,863632185,0,0,0,Malevolence: Malevolence Hyena Bomber Vulture Droid Sun Fac SF Soldier SF Spy SF
MysticSphinx,863632185,1,1,0,Geonosians Omicron: GBA Sun Fac Geo Soldier Geo Spy Poggle
MysticSphinx,863632185,0,0,0,CLS: CLS Han Chewbacca Chewpio R2-D2
MysticSphinx,863632185,1,0,1,Phasma: Phasma FOTP FOSFTP FOST Kylo
MysticSphinx,863632185,30,3,27,Troopers: Veers G12 Piett Starck G12 Dark Trooper G12 Range Trooper G1 2*
MysticSphinx,863632185,28,20,8,GAS: GAS Rex Echo (501st) G12 Fives ARC Trooper G12
zohaib24,513357243,0,0,0,padme: Padme GK JKA Ahsoka Tano (Snips) CAT
zohaib24,513357243,18,5,13,Grievous Omicron: GG B2 G12 B1 R2 MagnaGuard G12 Droideka G12
zohaib24,513357243,0,0,0,Malevolence: Malevolence Hyena Bomber Vulture Droid Sun Fac SF Soldier SF Spy SF
zohaib24,513357243,5,0,5,Troopers: Veers Piett Starck Dark Trooper Range Trooper G11
zohaib24,513357243,0,0,0,CLS: CLS Han Chewbacca Chewpio C-3PO
zohaib24,513357243,22,10,12,GAS: GAS Rex R1 Echo (501st) G12 Fives R1 ARC Trooper G12
zohaib24,513357243,44,43,1,Phasma: Phasma FOTP FOSFTP FOST Kylo
zohaib24,513357243,1,0,1,Negotiator: Negotiator BTL-B Y-wing 3* Anakin's Eta-2 Rex's ARC-170 Umbaran SF Ahsoka's SF Plo's SF Clone Sergeant's ARC-170 6*
zohaib24,513357243,23,0,23,Geonosians Omicron: GBA G11 Sun Fac G11 Geo Soldier G12 Geo Spy G12 Poggle G11
Mecha,318634765,0,0,0,Phasma: Phasma FOTP FOSFTP FOST Kylo
Mecha,318634765,0,0,0,padme: Padme GK JKA Ahsoka Tano (Snips) CAT
Mecha,318634765,0,0,0,Negotiator: Negotiator BTL-B Y-wing Anakin's Eta-2 Rex's ARC-170 Umbaran SF Ahsoka's SF Plo's SF Clone Sergeant's ARC-170
Mecha,318634765,1,1,0,Malevolence: Malevolence Hyena Bomber Vulture Droid Sun Fac SF Soldier SF Spy SF
Mecha,318634765,16,12,4,Troopers: Veers Piett Starck Dark Trooper Range Trooper G12
Mecha,318634765,0,0,0,CLS: CLS Han Chewbacca Chewpio C-3PO
Mecha,318634765,0,0,0,GAS: GAS Rex Echo (501st) Fives ARC Trooper
Mecha,318634765,18,10,8,Grievous Omicron: GG B2 G12 B1 MagnaGuard Droideka G12
Mecha,318634765,22,2,20,Geonosians Omicron: GBA G12 Sun Fac G12 Geo Soldier G12 Geo Spy G12 Poggle G12
Jon Jon binkss,585231842,0,0,0,Phasma: Phasma FOTP FOSFTP FOST Kylo
Jon Jon binkss,585231842,20,0,20,Geonosians Omicron: GBA G12 Sun Fac G12 Geo Soldier G12 Geo Spy G12 Poggle G12
Jon Jon binkss,585231842,0,0,0,CLS: CLS Han Chewbacca Chewpio C-3PO
Jon Jon binkss,585231842,20,0,20,Grievous Omicron: GG G12 B2 G12 B1 G12 MagnaGuard G12 Droideka G12
Jon Jon binkss,585231842,23,0,23,Troopers: Veers G12 Piett Starck G12 Dark Trooper G9 Range Trooper G8 6*
Eze,768358558,0,0,0,Phasma: Phasma FOTP FOSFTP FOST Kylo
Eze,768358558,0,0,0,padme: Padme GK JKA Ahsoka Tano (Snips) CAT
Eze,768358558,1,1,0,Grievous Omicron: GG B2 B1 MagnaGuard Droideka
Eze,768358558,1,1,0,Negotiator: Negotiator BTL-B Y-wing Anakin's Eta-2 Rex's ARC-170 Umbaran SF Ahsoka's SF Plo's SF Clone Sergeant's ARC-170
Eze,768358558,16,0,16,Geonosians Omicron: GBA Sun Fac G12 Geo Soldier G12 Geo Spy G12 Poggle G12
Eze,768358558,0,0,0,CLS: CLS Han Chewbacca Chewpio C-3PO
Eze,768358558,0,0,0,GAS: GAS Rex Echo (501st) Fives ARC Trooper
Eze,768358558,19,0,19,Troopers: Veers Piett Starck Dark Trooper G7 Range Trooper G6 6*
Belrosa,983233755,0,0,0,padme: Padme GK JKA Ahsoka Tano (Snips) C-3PO
Belrosa,983233755,0,0,0,Negotiator: Negotiator BTL-B Y-wing Anakin's Eta-2 Rex's ARC-170 Umbaran SF Ahsoka's SF Plo's SF Clone Sergeant's ARC-170
Belrosa,983233755,0,0,0,Geonosians Omicron: GBA Sun Fac Geo Soldier Geo Spy Poggle
Belrosa,983233755,14,0,14,Troopers: Veers G12 Piett Gideon G11 Dark Trooper Range Trooper G11
Belrosa,983233755,0,0,0,CLS: CLS Han Chewbacca Chewpio R2-D2
Belrosa,983233755,12,0,12,GAS: GAS Rex G12 Echo (501st) G12 Fives ARC Trooper G12
Belrosa,983233755,1,0,1,Phasma: Phasma FOTP FOSFTP FOST Kylo
Belrosa,983233755,4,0,4,Grievous Omicron: GG G12 B2 B1 MagnaGuard Droideka
Belrosa,983233755,1,0,1,Malevolence: Malevolence 6* Hyena Bomber 5* Vulture Droid Sun Fac SF Soldier SF Spy SF
Lilboivig,531314937,0,0,0,padme: Padme GK JKA Ahsoka Tano (Snips) C-3PO
Lilboivig,531314937,6,2,4,Grievous Omicron: GG B2 B1 G12 MagnaGuard Droideka
Lilboivig,531314937,1,1,0,Negotiator: Negotiator BTL-B Y-wing Anakin's Eta-2 Rex's ARC-170 Umbaran SF Ahsoka's SF Plo's SF Clone Sergeant's ARC-170
Lilboivig,531314937,0,0,0,Malevolence: Malevolence Hyena Bomber Vulture Droid Sun Fac SF Soldier SF Spy SF
Lilboivig,531314937,21,5,16,Geonosians Omicron: GBA G12 Sun Fac G12 Geo Soldier G12 Geo Spy Poggle G12
Lilboivig,531314937,50,36,14,Troopers: Veers G12 Piett Gideon G12 Dark Trooper Range Trooper G10
Lilboivig,531314937,5,5,0,CLS: CLS Han Chewbacca Chewpio R2-D2
Lilboivig,531314937,47,47,0,GAS: GAS Rex Echo (501st) Fives ARC Trooper
Lilboivig,531314937,1,0,1,Phasma: Phasma FOTP FOSFTP FOST Kylo
DarthCarbonara,627877888,0,0,0,Phasma: Phasma FOTP FOSFTP FOST Kylo
DarthCarbonara,627877888,17,4,13,padme: Padme GK JKA G8 6* Ahsoka Tano (Snips) G11 CAT
DarthCarbonara,627877888,48,3,45,Grievous Omicron: GG B2 G1 B1 G1 MagnaGuard Droideka G1
DarthCarbonara,627877888,23,0,23,CLS: CLS G12 Han Chewbacca Chewpio G1 4* R2-D2 G12
TheEmpress,842227845,0,0,0,Phasma: Phasma FOTP FOSFTP FOST Kylo
TheEmpress,842227845,0,0,0,padme: Padme GK JKA Ahsoka Tano (Snips) C-3PO
TheEmpress,842227845,1,1,0,Grievous Omicron: GG B2 B1 MagnaGuard Droideka
TheEmpress,842227845,0,0,0,Negotiator: Negotiator BTL-B Y-wing Anakin's Eta-2 Rex's ARC-170 Umbaran SF Ahsoka's SF Plo's SF Clone Sergeant's ARC-170
TheEmpress,842227845,0,0,0,Malevolence: Malevolence Hyena Bomber Vulture Droid Sun Fac SF Soldier SF Spy SF
TheEmpress,842227845,16,0,16,Geonosians Omicron: GBA Sun Fac G12 Geo Soldier G12 Geo Spy G12 Poggle G12
TheEmpress,842227845,0,0,0,CLS: CLS Han Chewbacca Chewpio R2-D2
TheEmpress,842227845,0,0,0,GAS: GAS Rex Echo (501st) Fives ARC Trooper
TheEmpress,842227845,16,0,16,Troopers: Veers G13 Piett Gideon G13 Dark Trooper G13 Range Trooper G9
