Player,Ally Code,Starting Gear Needed,Progress,Current Gear Needed,Team
the9fan,962662419,0,0,0,Phasma: Phasma FOTP FOO KRU Kylo
the9fan,962662419,1,1,0,padme: Padme GK JKA Ahsoka Tano (Snips) C-3PO
the9fan,962662419,0,0,0,CLS: CLS Han Chewbacca Chewpio R2-D2
the9fan,962662419,39,23,16,GAS: GAS Rex G12 Echo (501st) G12 Fives G12 ARC Trooper G12
the9fan,962662419,19,3,16,Grievous Omicron: GG G12 B2 G12 B1 MagnaGuard G12 Droideka G12
the9fan,962662419,1,0,1,Negotiator: Negotiator BTL-B Y-wing 3* Anakin's Eta-2 Rex's ARC-170 Umbaran SF Ahsoka's SF Plo's SF Clone Sergeant's ARC-170
the9fan,962662419,1,0,1,Malevolence: Malevolence Hyena Bomber 4* Vulture Droid 3* Sun Fac SF Soldier SF Spy SF
the9fan,962662419,35,9,26,Geonosians Omicron: GBA G12 Sun Fac G10 Geo Soldier G10 Geo Spy G11 Poggle G11
the9fan,962662419,47,8,39,Troopers: Veers G9 Piett G9 5* Starck G8 Dark Trooper G7 6* Range Trooper G8 5*
Giran Kenorftp,676797621,0,0,0,Phasma: Phasma FOTP FOSFTP FOST Kylo
Giran Kenorftp,676797621,0,0,0,padme: Padme GK JKA Ahsoka Tano (Snips) CAT
Giran Kenorftp,676797621,4,0,4,Grievous Omicron: GG B2 B1 MagnaGuard Droideka G12
Giran Kenorftp,676797621,20,0,20,Geonosians Omicron: GBA G12 Sun Fac G12 Geo Soldier G12 Geo Spy G12 Poggle G12
Giran Kenorftp,676797621,11,2,9,Troopers: Veers Piett Starck Dark Trooper G11 Range Trooper G12
Giran Kenorftp,676797621,0,0,0,CLS: CLS Han Chewbacca Chewpio C-3PO
Giran Kenorftp,676797621,0,0,0,GAS: GAS Rex Echo (501st) Fives ARC Trooper
Giran Kenorftp,676797621,1,0,1,Negotiator: Negotiator BTL-B Y-wing 4* Anakin's Eta-2 Rex's ARC-170 Umbaran SF Ahsoka's SF Plo's SF Clone Sergeant's ARC-170
PapaBear,831926647,0,0,0,padme: Padme GK JKA Ahsoka Tano (Snips) CAT
PapaBear,831926647,0,0,0,CLS: CLS Han Chewbacca Chewpio C-3PO
PapaBear,831926647,4,4,0,GAS: GAS Rex Echo (501st) Fives ARC Trooper
PapaBear,831926647,4,3,1,Phasma: Phasma FOTP FOSFTP FOST Kylo
PapaBear,831926647,1,0,1,Grievous Omicron: GG B2 B1 MagnaGuard Droideka
PapaBear,831926647,16,0,16,Geonosians Omicron: GBA Sun Fac G12 Geo Soldier G12 Geo Spy G12 Poggle G12
PapaBear,831926647,36,15,21,Troopers: Veers R1 Piett R1 Starck R1 Dark Trooper R1 Range Trooper G3 5*
Shesterkin,823623157,0,0,0,padme: Padme GK JKA Ahsoka Tano (Snips) C-3PO
Shesterkin,823623157,16,0,16,Geonosians Omicron: GBA Sun Fac G12 Geo Soldier G12 Geo Spy G12 Poggle G12
Shesterkin,823623157,1,0,1,Phasma: Phasma FOTP FOSFTP FOST Kylo
Shesterkin,823623157,8,0,8,Grievous Omicron: GG G8 5* B2 B1 MagnaGuard Droideka
Shesterkin,823623157,1,0,1,Negotiator: Negotiator BTL-B Y-wing 2* Anakin's Eta-2 Rex's ARC-170 4* Umbaran SF Ahsoka's SF Plo's SF Clone Sergeant's ARC-170
Shesterkin,823623157,18,0,18,CLS: CLS Han G12 Chewbacca Chewpio G8 2* R2-D2 G10
Shesterkin,823623157,14,0,14,GAS: GAS Rex G12 Echo (501st) G11 6* Fives ARC Trooper G11 6*
Dark Helmet,693159347,0,0,0,Phasma: Phasma FOTP FOSFTP FOST Kylo
Dark Helmet,693159347,0,0,0,padme: Padme GK JKA Ahsoka Tano (Snips) CAT
Dark Helmet,693159347,2,2,0,Grievous Omicron: GG B2 B1 MagnaGuard Droideka
Dark Helmet,693159347,0,0,0,Negotiator: Negotiator BTL-B Y-wing Anakin's Eta-2 Rex's ARC-170 Umbaran SF Ahsoka's SF Plo's SF Clone Sergeant's ARC-170
Dark Helmet,693159347,0,0,0,Malevolence: Malevolence Hyena Bomber Vulture Droid Sun Fac SF Soldier SF Spy SF
Dark Helmet,693159347,16,5,11,Geonosians Omicron: GBA Sun Fac G12 Geo Soldier G13 Geo Spy R1 Poggle R1
Dark Helmet,693159347,0,0,0,CLS: CLS Han Chewbacca Chewpio C-3PO
Dark Helmet,693159347,7,5,2,GAS: GAS Rex Echo (501st) Fives R1 ARC Trooper
Dark Helmet,693159347,16,5,11,Troopers: Veers Piett Starck Dark Trooper G9 Range Trooper G12
Timarius,238999213,0,0,0,Phasma: Phasma FOTP FOSFTP FOST Kylo
Timarius,238999213,0,0,0,padme: Padme GK JKA Ahsoka Tano (Snips) CAT
Timarius,238999213,0,0,0,Negotiator: Negotiator BTL-B Y-wing Anakin's Eta-2 Rex's ARC-170 Umbaran SF Ahsoka's SF Plo's SF Clone Sergeant's ARC-170
Timarius,238999213,0,0,0,Malevolence: Malevolence Hyena Bomber Vulture Droid Sun Fac SF Soldier SF Spy SF
Timarius,238999213,0,0,0,CLS: CLS Han Chewbacca Chewpio C-3PO
Timarius,238999213,0,0,0,GAS: GAS Rex Echo (501st) Fives ARC Trooper
Timarius,238999213,1,0,1,Grievous Omicron: GG B2 B1 MagnaGuard Droideka
Timarius,238999213,18,6,12,Geonosians Omicron: GBA Sun Fac G12 Geo Soldier Geo Spy G12 Poggle G12
Timarius,238999213,23,4,19,Troopers: Veers G12 Piett Starck R2 Dark Trooper G9 Range Trooper G9
Kya Skyff,664861787,0,0,0,Phasma: Phasma FOTP FOSFTP FOST Kylo
Kya Skyff,664861787,27,4,23,padme: Padme G8 GK R2 JKA G11 Ahsoka Tano (Snips) G12 C-3PO G11
Kya Skyff,664861787,1,0,1,Negotiator: Negotiator BTL-B Y-wing 3* Anakin's Eta-2 5* Rex's ARC-170 Umbaran SF Ahsoka's SF Plo's SF Clone Sergeant's ARC-170
Kya Skyff,664861787,38,1,37,Grievous Omicron: GG G12 B2 G10 B1 G7 6* MagnaGuard G7 Droideka G7 5*
Kya Skyff,664861787,1,0,1,Malevolence: Malevolence Hyena Bomber Vulture Droid 5* Sun Fac SF Soldier SF Spy SF
Kya Skyff,664861787,41,1,40,Geonosians Omicron: GBA G7 4* Sun Fac G7 Geo Soldier G9 Geo Spy G6 Poggle G11
Kya Skyff,664861787,42,0,42,Troopers: Veers G11 Piett G7 4* Starck G7 Dark Trooper G8 5* Range Trooper G5 5*
Kya Skyff,664861787,23,2,21,CLS: CLS Han G12 Chewbacca G11 Chewpio G6 5* R2-D2 R1
popo,724664337,0,0,0,Phasma: Phasma FOTP FOSFTP FOST Kylo
popo,724664337,0,0,0,padme: Padme GK JKA Ahsoka Tano (Snips) CAT
popo,724664337,1,1,0,Grievous Omicron: GG B2 B1 MagnaGuard Droideka
popo,724664337,0,0,0,Negotiator: Negotiator BTL-B Y-wing Anakin's Eta-2 Rex's ARC-170 Umbaran SF Ahsoka's SF Plo's SF Clone Sergeant's ARC-170
popo,724664337,0,0,0,Malevolence: Malevolence Hyena Bomber Vulture Droid Sun Fac SF Soldier SF Spy SF
popo,724664337,8,8,0,Geonosians Omicron: GBA Sun Fac Geo Soldier Geo Spy Poggle
popo,724664337,0,0,0,CLS: CLS Han Chewbacca Chewpio C-3PO
popo,724664337,0,0,0,GAS: GAS Rex Echo (501st) Fives ARC Trooper
popo,724664337,14,7,7,Troopers: Veers Piett Starck Dark Trooper G9 4* Range Trooper
Gauch,535656376,0,0,0,Phasma: Phasma FOTP FOSFTP FOST Kylo
Gauch,535656376,1,1,0,padme: Padme GK JKA Ahsoka Tano (Snips) CAT
Gauch,535656376,2,1,1,Grievous Omicron: GG B2 R2 B1 MagnaGuard Droideka
Gauch,535656376,0,0,0,Negotiator: Negotiator BTL-B Y-wing Anakin's Eta-2 Rex's ARC-170 Umbaran SF Ahsoka's SF Plo's SF Clone Sergeant's ARC-170
Gauch,535656376,0,0,0,Malevolence: Malevolence Hyena Bomber Vulture Droid Sun Fac SF Soldier SF Spy SF
Gauch,535656376,18,1,17,Geonosians Omicron: GBA R2 Sun Fac G12 Geo Soldier G12 Geo Spy G12 Poggle G12
Gauch,535656376,0,0,0,CLS: CLS Han Chewbacca Chewpio C-3PO
Gauch,535656376,16,0,16,GAS: GAS Rex G12 Echo (501st) G12 Fives G12 ARC Trooper G12
Gauch,535656376,24,0,24,Troopers: Veers G10 Piett Gideon G11 Dark Trooper G12 Range Trooper G7 6*
0duin,968657684,30,30,0,Phasma: Phasma FOTP FOSFTP FOST Kylo
0duin,968657684,0,0,0,padme: Padme GK JKA Ahsoka Tano (Snips) C-3PO
0duin,968657684,1,1,0,Grievous Omicron: GG B2 B1 MagnaGuard Droideka
0duin,968657684,0,0,0,Negotiator: Negotiator BTL-B Y-wing Anakin's Eta-2 Rex's ARC-170 Umbaran SF Ahsoka's SF Plo's SF Clone Sergeant's ARC-170
0duin,968657684,0,0,0,Malevolence: Malevolence Hyena Bomber Vulture Droid Sun Fac SF Soldier SF Spy SF
0duin,968657684,12,0,12,Geonosians Omicron: GBA Sun Fac Geo Soldier G12 Geo Spy G12 Poggle G12
0duin,968657684,8,2,6,Troopers: Veers Piett Starck Dark Trooper R1 Range Trooper G12
0duin,968657684,0,0,0,CLS: CLS Han Chewbacca Chewpio R2-D2
0duin,968657684,0,0,0,GAS: GAS Rex Echo (501st) Fives ARC Trooper
CóuntCrush18,277934547,0,0,0,Phasma: Phasma FOTP FOSFTP FOST Kylo
CóuntCrush18,277934547,0,0,0,padme: Padme GK JKA Ahsoka Tano (Snips) C-3PO
CóuntCrush18,277934547,4,4,0,CLS: CLS Han Chewbacca Chewpio R2-D2
CóuntCrush18,277934547,4,0,4,Grievous Omicron: GG B2 B1 MagnaGuard G12 Droideka
CóuntCrush18,277934547,1,0,1,Negotiator: Negotiator BTL-B Y-wing 5* Anakin's Eta-2 Rex's ARC-170 6* Umbaran SF Ahsoka's SF Plo's SF Clone Sergeant's ARC-170
CóuntCrush18,277934547,1,0,1,Geonosians Omicron: GBA Sun Fac Geo Soldier Geo Spy Poggle
CóuntCrush18,277934547,50,17,33,Troopers: Veers Piett G10 Starck Dark Trooper G3 6* Range Trooper G2 6*
CóuntCrush18,277934547,37,10,27,GAS: GAS Rex G7 Echo (501st) G12 Fives G10 ARC Trooper G8
ChadwickVaderIII,992962268,1,0,1,padme: Padme GK JKA R2 Ahsoka Tano (Snips) C-3PO
ChadwickVaderIII,992962268,0,0,0,Geonosians Omicron: GBA Sun Fac Geo Soldier Geo Spy Poggle
ChadwickVaderIII,992962268,8,8,0,CLS: CLS Han Chewbacca Chewpio R2-D2
ChadwickVaderIII,992962268,0,0,0,GAS: GAS Rex Echo (501st) Fives ARC Trooper
ChadwickVaderIII,992962268,32,0,32,Phasma: Phasma G12 FOTP G9 FOSFTP G7 FOST G9 Kylo G11
ChadwickVaderIII,992962268,12,0,12,Grievous Omicron: GG G12 B2 G12 B1 MagnaGuard G12 Droideka
ChadwickVaderIII,992962268,33,0,33,Troopers: Veers G10 Piett G10 Gideon G12 Dark Trooper G9 Range Trooper G6 6*
Chilisack,767932588,0,0,0,padme: Padme GK JKA Ahsoka Tano (Snips) CAT
Chilisack,767932588,8,0,8,Grievous Omicron: GG B2 B1 G12 MagnaGuard Droideka G12
Chilisack,767932588,0,0,0,Negotiator: Negotiator BTL-B Y-wing Anakin's Eta-2 Rex's ARC-170 Umbaran SF Ahsoka's SF Plo's SF Clone Sergeant's ARC-170
Chilisack,767932588,0,0,0,Malevolence: Malevolence Hyena Bomber Vulture Droid Sun Fac SF Soldier SF Spy SF
Chilisack,767932588,8,8,0,CLS: CLS Han Chewbacca Chewpio C-3PO
Chilisack,767932588,12,4,8,GAS: GAS Rex Echo (501st) G12 Fives ARC Trooper G12
Chilisack,767932588,31,30,1,Phasma: Phasma FOTP FOSFTP FOST Kylo
Chilisack,767932588,20,0,20,Geonosians Omicron: GBA G12 Sun Fac G12 Geo Soldier G12 Geo Spy G12 Poggle G12
Chilisack,767932588,15,0,15,Troopers: Veers Piett Gideon Dark Trooper Range Trooper G1 5*
DarthSmellyPants,244322114,0,0,0,Phasma: Phasma FOTP FOSFTP FOST Kylo
DarthSmellyPants,244322114,1,0,1,padme: Padme GK JKA R2 Ahsoka Tano (Snips) CAT
DarthSmellyPants,244322114,0,0,0,Negotiator: Negotiator BTL-B Y-wing Anakin's Eta-2 Rex's ARC-170 Umbaran SF Ahsoka's SF Plo's SF Clone Sergeant's ARC-170
DarthSmellyPants,244322114,0,0,0,CLS: CLS Han Chewbacca Chewpio C-3PO
DarthSmellyPants,244322114,0,0,0,GAS: GAS Rex Echo (501st) Fives ARC Trooper
DarthSmellyPants,244322114,4,0,4,Grievous Omicron: GG B2 G12 B1 MagnaGuard Droideka
DarthSmellyPants,244322114,1,0,1,Malevolence: Malevolence Hyena Bomber 4* Vulture Droid 5* Sun Fac SF Soldier SF Spy SF
DarthSmellyPants,244322114,12,0,12,Geonosians Omicron: GBA R2 Sun Fac G13 Geo Soldier G12 Geo Spy R1 Poggle R1
DarthSmellyPants,244322114,4,0,4,Troopers: Veers R2 Piett Gideon R2 Dark Trooper R2 Range Trooper R2
Alderan Duran,732523122,0,0,0,padme: Padme GK JKA Ahsoka Tano (Snips) C-3PO
Alderan Duran,732523122,0,0,0,Grievous Omicron: GG B2 B1 MagnaGuard Droideka
Alderan Duran,732523122,1,1,0,Negotiator: Negotiator BTL-B Y-wing Anakin's Eta-2 Rex's ARC-170 Umbaran SF Ahsoka's SF Plo's SF Clone Sergeant's ARC-170
Alderan Duran,732523122,3,3,0,CLS: CLS Han Chewbacca Chewpio R2-D2
Alderan Duran,732523122,30,0,30,Phasma: Phasma G9 FOTP G11 FOSFTP G9 FOST G9 6* Kylo G12
Alderan Duran,732523122,1,0,1,Malevolence: Malevolence Hyena Bomber 4* Vulture Droid 4* Sun Fac SF Soldier SF Spy SF
Alderan Duran,732523122,16,0,16,Geonosians Omicron: GBA Sun Fac G12 Geo Soldier G12 Geo Spy G12 Poggle G12
Alderan Duran,732523122,32,0,32,Troopers: Veers G12 Piett G10 Gideon G11 Dark Trooper G12 Range Trooper G3 6*
Alderan Duran,732523122,11,2,9,GAS: GAS G12 Rex Echo (501st) Fives ARC Trooper G11 5*
AllengerboBerenBadgerheart,339924835,20,0,20,Geonosians Omicron: GBA G12 Sun Fac G12 Geo Soldier G12 Geo Spy G12 Poggle G12
AllengerboBerenBadgerheart,339924835,4,0,4,Troopers: Veers Piett Starck Dark Trooper Range Trooper G12
AllengerboBerenBadgerheart,339924835,1,0,1,Phasma: Phasma FOTP FOSFTP FOST Kylo
AllengerboBerenBadgerheart,339924835,24,0,24,padme: Padme G8 GK G9 JKA Ahsoka Tano (Snips) G7 C-3PO
AllengerboBerenBadgerheart,339924835,19,0,19,CLS: CLS Han G12 Chewbacca Chewpio G10 5* R2-D2 G7
SorryAboutTheMess,697969141,0,0,0,padme: Padme GK JKA Ahsoka Tano (Snips) CAT
SorryAboutTheMess,697969141,0,0,0,Troopers: Veers Piett Starck Dark Trooper Range Trooper
SorryAboutTheMess,697969141,0,0,0,CLS: CLS Han Chewbacca Chewpio C-3PO
SorryAboutTheMess,697969141,0,0,0,GAS: GAS Rex Echo (501st) Fives ARC Trooper
SorryAboutTheMess,697969141,1,0,1,Phasma: Phasma FOTP FOSFTP FOST Kylo
SorryAboutTheMess,697969141,1,0,1,Grievous Omicron: GG B2 B1 MagnaGuard Droideka
SorryAboutTheMess,697969141,1,0,1,Negotiator: Negotiator BTL-B Y-wing 3* Anakin's Eta-2 Rex's ARC-170 Umbaran SF Ahsoka's SF Plo's SF Clone Sergeant's ARC-170
SorryAboutTheMess,697969141,16,0,16,Geonosians Omicron: GBA Sun Fac G12 Geo Soldier G12 Geo Spy G12 Poggle G12
beatis,245435316,0,0,0,Phasma: Phasma FOTP FOSFTP FOST Kylo
beatis,245435316,0,0,0,padme: Padme GK JKA Ahsoka Tano (Snips) C-3PO
beatis,245435316,0,0,0,Grievous Omicron: GG B2 B1 MagnaGuard Droideka
beatis,245435316,0,0,0,Negotiator: Negotiator BTL-B Y-wing Anakin's Eta-2 Rex's ARC-170 Umbaran SF Ahsoka's SF Plo's SF Clone Sergeant's ARC-170
beatis,245435316,0,0,0,Malevolence: Malevolence Hyena Bomber Vulture Droid Sun Fac SF Soldier SF Spy SF
beatis,245435316,0,0,0,CLS: CLS Han Chewbacca Chewpio R2-D2
beatis,245435316,0,0,0,GAS: GAS Rex Echo (501st) Fives ARC Trooper
beatis,245435316,8,0,8,Geonosians Omicron: GBA Sun Fac R1 Geo Soldier R1 Geo Spy R1 Poggle R1
beatis,245435316,26,0,26,Troopers: Veers Piett Starck Dark Trooper G1 6* Range Trooper G5 6*
Gorgonzoloff,958541997,0,0,0,padme: Padme GK JKA Ahsoka Tano (Snips) C-3PO
Gorgonzoloff,958541997,1,1,0,Grievous Omicron: GG B2 B1 MagnaGuard Droideka
Gorgonzoloff,958541997,0,0,0,Negotiator: Negotiator BTL-B Y-wing Anakin's Eta-2 Rex's ARC-170 Umbaran SF Ahsoka's SF Plo's SF Clone Sergeant's ARC-170
Gorgonzoloff,958541997,0,0,0,Malevolence: Malevolence Hyena Bomber Vulture Droid Sun Fac SF Soldier SF Spy SF
Gorgonzoloff,958541997,0,0,0,Troopers: Veers Piett Gideon Dark Trooper Range Trooper
Gorgonzoloff,958541997,4,4,0,CLS: CLS Han Chewbacca Chewpio R2-D2
Gorgonzoloff,958541997,0,0,0,GAS: GAS Rex Echo (501st) Fives ARC Trooper
Gorgonzoloff,958541997,28,27,1,Phasma: Phasma FOTP FOSFTP FOST Kylo
Gorgonzoloff,958541997,1,0,1,Geonosians Omicron: GBA Sun Fac Geo Soldier Geo Spy Poggle
kaitco2,499571162,0,0,0,Phasma: Phasma FOTP FOSFTP FOST Kylo
kaitco2,499571162,2,0,2,padme: Padme GK JKA R1 Ahsoka Tano (Snips) C-3PO
kaitco2,499571162,16,0,16,Geonosians Omicron: GBA R1 Sun Fac R1 Geo Soldier G12 Geo Spy G12 Poggle G12
kaitco2,499571162,0,0,0,CLS: CLS Han Chewbacca Chewpio R2-D2
kaitco2,499571162,16,0,16,GAS: GAS Rex G12 Echo (501st) G12 Fives G12 ARC Trooper G12
kaitco2,499571162,4,0,4,Grievous Omicron: GG G12 B2 B1 MagnaGuard Droideka
kaitco2,499571162,1,0,1,Negotiator: Negotiator BTL-B Y-wing 4* Anakin's Eta-2 Rex's ARC-170 Umbaran SF Ahsoka's SF Plo's SF Clone Sergeant's ARC-170 LVunit.level
kaitco2,499571162,1,0,1,Malevolence: Malevolence Hyena Bomber 5* Vulture Droid 4* Sun Fac SF Soldier SF Spy SF
Nomagio,833418168,1,1,0,padme: Padme GK JKA Ahsoka Tano (Snips) CAT
Nomagio,833418168,0,0,0,Negotiator: Negotiator BTL-B Y-wing Anakin's Eta-2 Rex's ARC-170 Umbaran SF Ahsoka's SF Plo's SF Clone Sergeant's ARC-170
Nomagio,833418168,1,1,0,Malevolence: Malevolence Hyena Bomber Vulture Droid Sun Fac SF Soldier SF Spy SF
Nomagio,833418168,5,1,4,Troopers: Veers Piett Starck Dark Trooper Range Trooper G12
Nomagio,833418168,0,0,0,CLS: CLS Han Chewbacca Chewpio C-3PO
Nomagio,833418168,5,0,5,GAS: GAS Rex R2 Echo (501st) Fives G12 ARC Trooper
Nomagio,833418168,37,36,1,Phasma: Phasma FOTP FOSFTP FOST Kylo
Nomagio,833418168,1,0,1,Grievous Omicron: GG B2 B1 MagnaGuard Droideka
Nomagio,833418168,17,1,16,Geonosians Omicron: GBA G12 Sun Fac G12 Geo Soldier Geo Spy G12 Poggle G12
Cedaric,977916599,0,0,0,padme: Padme GK JKA Ahsoka Tano (Snips) C-3PO
Cedaric,977916599,0,0,0,Negotiator: Negotiator BTL-B Y-wing Anakin's Eta-2 Rex's ARC-170 Umbaran SF Ahsoka's SF Plo's SF Clone Sergeant's ARC-170
Cedaric,977916599,0,0,0,CLS: CLS Han Chewbacca Chewpio R2-D2
Cedaric,977916599,0,0,0,GAS: GAS Rex Echo (501st) Fives ARC Trooper
Cedaric,977916599,1,0,1,Phasma: Phasma FOTP FOSFTP FOST Kylo
Cedaric,977916599,12,11,1,Grievous Omicron: GG B2 B1 MagnaGuard Droideka
Cedaric,977916599,1,0,1,Malevolence: Malevolence Hyena Bomber 4* Vulture Droid 5* Sun Fac SF Soldier SF Spy SF
Cedaric,977916599,20,1,19,Geonosians Omicron: GBA G13 Sun Fac G12 Geo Soldier G12 Geo Spy G12 Poggle G12
Cedaric,977916599,22,3,19,Troopers: Veers R1 Piett Gideon Dark Trooper R1 Range Trooper G1 6*
Nerve Gas,787571874,0,0,0,Phasma: Phasma FOTP FOSFTP FOST Kylo
Nerve Gas,787571874,0,0,0,padme: Padme GK JKA Ahsoka Tano (Snips) CAT
Nerve Gas,787571874,0,0,0,Negotiator: Negotiator BTL-B Y-wing Anakin's Eta-2 Rex's ARC-170 Umbaran SF Ahsoka's SF Plo's SF Clone Sergeant's ARC-170
Nerve Gas,787571874,1,1,0,Malevolence: Malevolence Hyena Bomber Vulture Droid Sun Fac SF Soldier SF Spy SF
Nerve Gas,787571874,11,3,8,Troopers: Veers Piett Starck Dark Trooper G12 Range Trooper G12
Nerve Gas,787571874,0,0,0,CLS: CLS Han Chewbacca Chewpio C-3PO
Nerve Gas,787571874,8,1,7,GAS: GAS Rex R1 Echo (501st) R1 Fives R2 ARC Trooper R1
Nerve Gas,787571874,1,0,1,Grievous Omicron: GG B2 B1 MagnaGuard Droideka
Nerve Gas,787571874,18,17,1,Geonosians Omicron: GBA Sun Fac Geo Soldier Geo Spy Poggle
MINI NateTheGnat,572834477,0,0,0,padme: Padme GK JKA Ahsoka Tano (Snips) C-3PO
MINI NateTheGnat,572834477,7,0,7,Troopers: Veers Piett Starck Dark Trooper G13 Range Trooper G12
MINI NateTheGnat,572834477,0,0,0,CLS: CLS Han Chewbacca Chewpio R2-D2
MINI NateTheGnat,572834477,8,0,8,GAS: GAS Rex Echo (501st) G12 Fives ARC Trooper G12
MINI NateTheGnat,572834477,1,0,1,Phasma: Phasma FOTP FOSFTP FOST Kylo
MINI NateTheGnat,572834477,10,0,10,Grievous Omicron: GG G12 B2 B1 R1 MagnaGuard Droideka G12
MINI NateTheGnat,572834477,23,0,23,Geonosians Omicron: GBA G12 Sun Fac G11 Geo Soldier G11 Geo Spy G12 Poggle G11
Johny favourite,569375498,0,0,0,padme: Padme GK JKA Ahsoka Tano (Snips) CAT
Johny favourite,569375498,1,1,0,Negotiator: Negotiator BTL-B Y-wing Anakin's Eta-2 Rex's ARC-170 Umbaran SF Ahsoka's SF Plo's SF Clone Sergeant's ARC-170
Johny favourite,569375498,2,0,2,Troopers: Veers Piett Starck Dark Trooper Range Trooper R1
Johny favourite,569375498,0,0,0,CLS: CLS Han Chewbacca Chewpio C-3PO
Johny favourite,569375498,0,0,0,GAS: GAS Rex Echo (501st) Fives ARC Trooper
Johny favourite,569375498,48,47,1,Phasma: Phasma FOTP FOSFTP FOST Kylo
Johny favourite,569375498,5,4,1,Grievous Omicron: GG B2 B1 MagnaGuard Droideka
Johny favourite,569375498,16,0,16,Geonosians Omicron: GBA G12 Sun Fac G12 Geo Soldier Geo Spy G12 Poggle G12
Shazam,757947698,0,0,0,Phasma: Phasma FOTP FOSFTP FOST Kylo
Shazam,757947698,6,4,2,padme: Padme GK JKA Ahsoka Tano (Snips) C-3PO R1
Shazam,757947698,0,0,0,Grievous Omicron: GG B2 B1 MagnaGuard Droideka
Shazam,757947698,0,0,0,Negotiator: Negotiator BTL-B Y-wing Anakin's Eta-2 Rex's ARC-170 Umbaran SF Ahsoka's SF Plo's SF Clone Sergeant's ARC-170
Shazam,757947698,0,0,0,Malevolence: Malevolence Hyena Bomber Vulture Droid Sun Fac SF Soldier SF Spy SF
Shazam,757947698,4,0,4,Troopers: Veers Piett Starck Dark Trooper Range Trooper G12
Shazam,757947698,0,0,0,GAS: GAS Rex Echo (501st) Fives ARC Trooper
Shazam,757947698,12,0,12,Geonosians Omicron: GBA Sun Fac G12 Geo Soldier G12 Geo Spy Poggle G12
Shazam,757947698,35,0,35,CLS: CLS G8 Han G10 Chewbacca G9 Chewpio G6 R2-D2 G12
2octiak,568825816,0,0,0,Phasma: Phasma FOTP FOSFTP FOST Kylo
2octiak,568825816,8,0,8,padme: Padme GK JKA G12 Ahsoka Tano (Snips) G12 C-3PO
2octiak,568825816,12,0,12,Geonosians Omicron: GBA Sun Fac Geo Soldier G12 Geo Spy G12 Poggle G12
2octiak,568825816,6,0,6,Grievous Omicron: GG G12 B2 B1 MagnaGuard Droideka R1
2octiak,568825816,1,0,1,Malevolence: Malevolence Hyena Bomber 4* Vulture Droid 5* Sun Fac SF Soldier SF Spy SF
TrippyWolverine,622373122,4,0,4,padme: Padme G12 GK JKA Ahsoka Tano (Snips) CAT
TrippyWolverine,622373122,4,0,4,Grievous Omicron: GG B2 G12 B1 MagnaGuard Droideka
TrippyWolverine,622373122,0,0,0,Negotiator: Negotiator BTL-B Y-wing Anakin's Eta-2 Rex's ARC-170 Umbaran SF Ahsoka's SF Plo's SF Clone Sergeant's ARC-170
TrippyWolverine,622373122,15,15,0,CLS: CLS Han Chewbacca Chewpio C-3PO
TrippyWolverine,622373122,0,0,0,GAS: GAS Rex Echo (501st) Fives ARC Trooper
TrippyWolverine,622373122,46,45,1,Phasma: Phasma FOTP FOSFTP FOST Kylo
TrippyWolverine,622373122,25,24,1,Geonosians Omicron: GBA Sun Fac Geo Soldier Geo Spy Poggle
TrippyWolverine,622373122,49,0,49,Troopers: Veers G12 Piett G8 6* Starck G1 5* Dark Trooper G9 Range Trooper G1 5*
Pad'wan Liaf,387834279,0,0,0,padme: Padme GK JKA Ahsoka Tano (Snips) CAT
Pad'wan Liaf,387834279,0,0,0,Grievous Omicron: GG B2 B1 MagnaGuard Droideka
Pad'wan Liaf,387834279,16,0,16,Geonosians Omicron: GBA Sun Fac G12 Geo Soldier G12 Geo Spy G12 Poggle G12
Pad'wan Liaf,387834279,0,0,0,CLS: CLS Han Chewbacca Chewpio C-3PO
Pad'wan Liaf,387834279,0,0,0,GAS: GAS Rex Echo (501st) Fives ARC Trooper
Pad'wan Liaf,387834279,1,0,1,Phasma: Phasma FOTP FOSFTP FOST Kylo
Pad'wan Liaf,387834279,1,0,1,Negotiator: Negotiator BTL-B Y-wing 3* Anakin's Eta-2 Rex's ARC-170 Umbaran SF Ahsoka's SF Plo's SF Clone Sergeant's ARC-170
Pad'wan Liaf,387834279,9,0,9,Troopers: Veers G13 Piett Gideon G13 Dark Trooper G13 Range Trooper
Enragedwookie,424652333,0,0,0,padme: Padme GK JKA Ahsoka Tano (Snips) CAT
Enragedwookie,424652333,0,0,0,Grievous Omicron: GG B2 B1 MagnaGuard Droideka
Enragedwookie,424652333,12,0,12,Geonosians Omicron: GBA Sun Fac G13 Geo Soldier G13 Geo Spy G13 Poggle G13
Enragedwookie,424652333,0,0,0,CLS: CLS Han Chewbacca Chewpio C-3PO
Enragedwookie,424652333,0,0,0,GAS: GAS Rex Echo (501st) Fives ARC Trooper
Enragedwookie,424652333,1,0,1,Phasma: Phasma FOTP FOSFTP FOST Kylo
Enragedwookie,424652333,30,0,30,Troopers: Veers Piett Starck Dark Trooper G1 5* Range Trooper G1 5*
DarthTalon,387869794,2,0,2,padme: Padme GK JKA Ahsoka Tano (Snips) R1 CAT
DarthTalon,387869794,0,0,0,Negotiator: Negotiator BTL-B Y-wing Anakin's Eta-2 Rex's ARC-170 Umbaran SF Ahsoka's SF Plo's SF Clone Sergeant's ARC-170
DarthTalon,387869794,0,0,0,Malevolence: Malevolence Hyena Bomber Vulture Droid Sun Fac SF Soldier SF Spy SF
DarthTalon,387869794,0,0,0,CLS: CLS Han Chewbacca Chewpio C-3PO
DarthTalon,387869794,21,0,21,Phasma: Phasma G12 FOTP G12 FOSFTP G12 FOST G11 Kylo G12
DarthTalon,387869794,9,0,9,Grievous Omicron: GG B2 G13 B1 G13 MagnaGuard Droideka G13
DarthTalon,387869794,16,0,16,Geonosians Omicron: GBA Sun Fac G12 Geo Soldier G12 Geo Spy G12 Poggle G12
DarthTalon,387869794,21,0,21,Troopers: Veers Piett Starck Dark Trooper G9 Range Trooper G2 5*
vilanox,413347812,0,0,0,Phasma: Phasma FOTP FOSFTP FOST Kylo
vilanox,413347812,0,0,0,padme: Padme GK JKA Ahsoka Tano (Snips) C-3PO
vilanox,413347812,1,1,0,Grievous Omicron: GG B2 B1 MagnaGuard Droideka
vilanox,413347812,0,0,0,Negotiator: Negotiator BTL-B Y-wing Anakin's Eta-2 Rex's ARC-170 Umbaran SF Ahsoka's SF Plo's SF Clone Sergeant's ARC-170
vilanox,413347812,0,0,0,Malevolence: Malevolence Hyena Bomber Vulture Droid Sun Fac SF Soldier SF Spy SF
vilanox,413347812,0,0,0,Geonosians Omicron: GBA Sun Fac Geo Soldier Geo Spy Poggle
vilanox,413347812,19,6,13,Troopers: Veers R2 Piett Starck G12 Dark Trooper G12 Range Trooper G12
vilanox,413347812,2,2,0,CLS: CLS Han Chewbacca Chewpio R2-D2
vilanox,413347812,0,0,0,GAS: GAS Rex Echo (501st) Fives ARC Trooper
Guihori,639674374,0,0,0,Phasma: Phasma FOTP FOSFTP FOST Kylo
Guihori,639674374,0,0,0,padme: Padme GK JKA Ahsoka Tano (Snips) CAT
Guihori,639674374,11,0,11,Grievous Omicron: GG B2 G12 B1 G13 MagnaGuard G12 Droideka
Guihori,639674374,0,0,0,Negotiator: Negotiator BTL-B Y-wing Anakin's Eta-2 Rex's ARC-170 Umbaran SF Ahsoka's SF Plo's SF Clone Sergeant's ARC-170
Guihori,639674374,0,0,0,Malevolence: Malevolence Hyena Bomber Vulture Droid Sun Fac SF Soldier SF Spy SF
Guihori,639674374,0,0,0,Troopers: Veers Piett Gideon Dark Trooper Range Trooper
Guihori,639674374,0,0,0,CLS: CLS Han Chewbacca Chewpio C-3PO
Guihori,639674374,0,0,0,GAS: GAS Rex Echo (501st) Fives ARC Trooper
Guihori,639674374,16,0,16,Geonosians Omicron: GBA Sun Fac G12 Geo Soldier G12 Geo Spy G12 Poggle G12
Anthony,326626288,0,0,0,padme: Padme GK JKA Ahsoka Tano (Snips) C-3PO
Anthony,326626288,0,0,0,Negotiator: Negotiator BTL-B Y-wing Anakin's Eta-2 Rex's ARC-170 Umbaran SF Ahsoka's SF Plo's SF Clone Sergeant's ARC-170
Anthony,326626288,0,0,0,CLS: CLS Han Chewbacca Chewpio R2-D2
Anthony,326626288,8,0,8,GAS: GAS Rex G12 Echo (501st) Fives G12 ARC Trooper
Anthony,326626288,37,0,37,Phasma: Phasma G8 FOTP G9 FOSFTP G7 FOST G7 5* Kylo G12
Anthony,326626288,1,0,1,Grievous Omicron: GG B2 B1 MagnaGuard Droideka
Anthony,326626288,25,0,25,Geonosians Omicron: GBA G12 Sun Fac G10 Geo Soldier G12 Geo Spy G9 Poggle G12
Anthony,326626288,16,0,16,Troopers: Veers Piett Starck Dark Trooper G9 Range Trooper G7
Jefe,843154652,0,0,0,Phasma: Phasma FOTP FOSFTP FOST Kylo
Jefe,843154652,0,0,0,padme: Padme GK JKA Ahsoka Tano (Snips) CAT
Jefe,843154652,0,0,0,Negotiator: Negotiator BTL-B Y-wing Anakin's Eta-2 Rex's ARC-170 Umbaran SF Ahsoka's SF Plo's SF Clone Sergeant's ARC-170
Jefe,843154652,0,0,0,Malevolence: Malevolence Hyena Bomber Vulture Droid Sun Fac SF Soldier SF Spy SF
Jefe,843154652,0,0,0,Troopers: Veers Piett Gideon Dark Trooper Range Trooper
Jefe,843154652,0,0,0,CLS: CLS Han Chewbacca Chewpio C-3PO
Jefe,843154652,0,0,0,GAS: GAS Rex Echo (501st) Fives ARC Trooper
Jefe,843154652,8,0,8,Grievous Omicron: GG B2 G12 B1 MagnaGuard Droideka G12
Jefe,843154652,20,0,20,Geonosians Omicron: GBA G12 Sun Fac G12 Geo Soldier G12 Geo Spy G12 Poggle G12
Icyshadowz26,767521765,4,4,0,padme: Padme GK JKA Ahsoka Tano (Snips) C-3PO
Icyshadowz26,767521765,0,0,0,Grievous Omicron: GG B2 B1 MagnaGuard Droideka
Icyshadowz26,767521765,22,22,0,Geonosians Omicron: GBA Sun Fac Geo Soldier Geo Spy Poggle
Icyshadowz26,767521765,13,4,9,Troopers: Veers Piett Starck Dark Trooper G11 Range Trooper G12
Icyshadowz26,767521765,13,13,0,CLS: CLS Han Chewbacca Chewpio R2-D2
Icyshadowz26,767521765,12,0,12,GAS: GAS Rex Echo (501st) G12 Fives G12 ARC Trooper G12
Icyshadowz26,767521765,31,30,1,Phasma: Phasma FOTP FOSFTP FOST Kylo
Icyshadowz26,767521765,1,0,1,Negotiator: Negotiator BTL-B Y-wing 4* Anakin's Eta-2 Rex's ARC-170 Umbaran SF Ahsoka's SF Plo's SF Clone Sergeant's ARC-170
Icyshadowz26,767521765,1,0,1,Malevolence: Malevolence Hyena Bomber 4* Vulture Droid 5* Sun Fac SF Soldier SF Spy SF
Gpa luis,544653239,0,0,0,Phasma: Phasma FOTP FOSFTP FOST Kylo
Gpa luis,544653239,0,0,0,padme: Padme GK JKA Ahsoka Tano (Snips) CAT
Gpa luis,544653239,4,4,0,Grievous Omicron: GG B2 B1 MagnaGuard Droideka
Gpa luis,544653239,0,0,0,Negotiator: Negotiator BTL-B Y-wing Anakin's Eta-2 Rex's ARC-170 Umbaran SF Ahsoka's SF Plo's SF Clone Sergeant's ARC-170
Gpa luis,544653239,0,0,0,Malevolence: Malevolence Hyena Bomber Vulture Droid Sun Fac SF Soldier SF Spy SF
Gpa luis,544653239,16,0,16,Geonosians Omicron: GBA Sun Fac G12 Geo Soldier G12 Geo Spy G12 Poggle G12
Gpa luis,544653239,16,16,0,Troopers: Veers Piett Gideon Dark Trooper Range Trooper
Gpa luis,544653239,0,0,0,CLS: CLS Han Chewbacca Chewpio C-3PO
Gpa luis,544653239,0,0,0,GAS: GAS Rex Echo (501st) Fives ARC Trooper
Seasu Gohay,241156488,0,0,0,Phasma: Phasma FOTP FOSFTP FOST Kylo
Seasu Gohay,241156488,0,0,0,padme: Padme GK JKA Ahsoka Tano (Snips) C-3PO
Seasu Gohay,241156488,0,0,0,Grievous Omicron: GG B2 B1 MagnaGuard Droideka
Seasu Gohay,241156488,0,0,0,Negotiator: Negotiator BTL-B Y-wing Anakin's Eta-2 Rex's ARC-170 Umbaran SF Ahsoka's SF Plo's SF Clone Sergeant's ARC-170
Seasu Gohay,241156488,0,0,0,Malevolence: Malevolence Hyena Bomber Vulture Droid Sun Fac SF Soldier SF Spy SF
Seasu Gohay,241156488,8,8,0,Geonosians Omicron: GBA Sun Fac Geo Soldier Geo Spy Poggle
Seasu Gohay,241156488,0,0,0,CLS: CLS Han Chewbacca Chewpio R2-D2
Seasu Gohay,241156488,0,0,0,GAS: GAS Rex Echo (501st) Fives ARC Trooper
Seasu Gohay,241156488,17,0,17,Troopers: Veers Piett Gideon Dark Trooper G6 Range Trooper G9
Sotiri,156727472,0,0,0,padme: Padme GK JKA Ahsoka Tano (Snips) CAT
Sotiri,156727472,1,1,0,Negotiator: Negotiator BTL-B Y-wing Anakin's Eta-2 Rex's ARC-170 Umbaran SF Ahsoka's SF Plo's SF Clone Sergeant's ARC-170
Sotiri,156727472,0,0,0,Malevolence: Malevolence Hyena Bomber Vulture Droid Sun Fac SF Soldier SF Spy SF
Sotiri,156727472,0,0,0,CLS: CLS Han Chewbacca Chewpio C-3PO
Sotiri,156727472,9,1,8,GAS: GAS Rex Echo (501st) G12 Fives ARC Trooper G12
Sotiri,156727472,38,37,1,Phasma: Phasma FOTP FOSFTP FOST Kylo
Sotiri,156727472,1,0,1,Grievous Omicron: GG B2 B1 MagnaGuard Droideka
Sotiri,156727472,16,15,1,Geonosians Omicron: GBA Sun Fac Geo Soldier Geo Spy Poggle
Sotiri,156727472,19,0,19,Troopers: Veers Piett Starck Dark Trooper G1 5* Range Trooper G12
Krooked,115786486,0,0,0,padme: Padme GK JKA Ahsoka Tano (Snips) CAT
Krooked,115786486,0,0,0,Negotiator: Negotiator BTL-B Y-wing Anakin's Eta-2 Rex's ARC-170 Umbaran SF Ahsoka's SF Plo's SF Clone Sergeant's ARC-170
Krooked,115786486,0,0,0,Malevolence: Malevolence Hyena Bomber Vulture Droid Sun Fac SF Soldier SF Spy SF
Krooked,115786486,0,0,0,Troopers: Veers Piett Gideon Dark Trooper Range Trooper
Krooked,115786486,0,0,0,CLS: CLS Han Chewbacca Chewpio C-3PO
Krooked,115786486,0,0,0,GAS: GAS Rex Echo (501st) Fives ARC Trooper
Krooked,115786486,28,27,1,Phasma: Phasma FOTP FOSFTP FOST Kylo
Krooked,115786486,1,0,1,Grievous Omicron: GG B2 B1 MagnaGuard Droideka
Krooked,115786486,20,19,1,Geonosians Omicron: GBA Sun Fac Geo Soldier Geo Spy Poggle
Popi Gavin,381686171,1,0,1,Phasma: Phasma FOTP FOSFTP FOST Kylo
Popi Gavin,381686171,17,0,17,Geonosians Omicron: GBA Sun Fac G11 Geo Soldier G12 Geo Spy G12 Poggle G12
Popi Gavin,381686171,20,0,20,CLS: CLS R2 Han G12 Chewbacca G12 Chewpio G12 R2-D2 G9
kvh,529261219,0,0,0,Phasma: Phasma FOTP FOSFTP FOST Kylo
kvh,529261219,0,0,0,padme: Padme GK JKA Ahsoka Tano (Snips) CAT
kvh,529261219,4,0,4,Grievous Omicron: GG B2 B1 MagnaGuard Droideka G12
kvh,529261219,0,0,0,Negotiator: Negotiator BTL-B Y-wing Anakin's Eta-2 Rex's ARC-170 Umbaran SF Ahsoka's SF Plo's SF Clone Sergeant's ARC-170
kvh,529261219,0,0,0,Malevolence: Malevolence Hyena Bomber Vulture Droid Sun Fac SF Soldier SF Spy SF
kvh,529261219,20,20,0,Troopers: Veers Piett Starck Dark Trooper Range Trooper
kvh,529261219,0,0,0,CLS: CLS Han Chewbacca Chewpio C-3PO
kvh,529261219,0,0,0,GAS: GAS Rex Echo (501st) Fives ARC Trooper
kvh,529261219,20,0,20,Geonosians Omicron: GBA G12 Sun Fac G12 Geo Soldier G12 Geo Spy G12 Poggle G12
Dannyslr,172647166,0,0,0,padme: Padme GK JKA Ahsoka Tano (Snips) CAT
Dannyslr,172647166,0,0,0,GAS: GAS Rex Echo (501st) Fives ARC Trooper
Dannyslr,172647166,15,14,1,Phasma: Phasma FOTP FOSFTP FOST Kylo
Dannyslr,172647166,1,0,1,Grievous Omicron: GG B2 B1 MagnaGuard Droideka
Dannyslr,172647166,1,0,1,Geonosians Omicron: GBA Sun Fac Geo Soldier Geo Spy Poggle
Dannyslr,172647166,39,20,19,Troopers: Veers Piett Starck Dark Trooper G7 6* Range Trooper G6 5*
Dannyslr,172647166,45,0,45,CLS: CLS G10 Han G7 Chewbacca G1 Chewpio G1 6* C-3PO
mccoy309,567864355,0,0,0,padme: Padme GK JKA Ahsoka Tano (Snips) CAT
mccoy309,567864355,0,0,0,Grievous Omicron: GG B2 B1 MagnaGuard Droideka
mccoy309,567864355,2,0,2,Geonosians Omicron: GBA Sun Fac Geo Soldier Geo Spy Poggle R1
mccoy309,567864355,0,0,0,CLS: CLS Han Chewbacca Chewpio C-3PO
mccoy309,567864355,0,0,0,GAS: GAS Rex Echo (501st) Fives ARC Trooper
mccoy309,567864355,1,0,1,Phasma: Phasma FOTP FOSFTP FOST Kylo
mccoy309,567864355,30,0,30,Troopers: Veers Piett Starck Dark Trooper G1 6* Range Trooper G1 5*
Rikoelike Sunset,156843245,0,0,0,Phasma: Phasma FOTP FOSFTP FOST Kylo
Rikoelike Sunset,156843245,0,0,0,padme: Padme GK JKA Ahsoka Tano (Snips) C-3PO
Rikoelike Sunset,156843245,1,0,1,Negotiator: Negotiator BTL-B Y-wing 6* Anakin's Eta-2 Rex's ARC-170 Umbaran SF Ahsoka's SF Plo's SF Clone Sergeant's ARC-170
Rikoelike Sunset,156843245,1,0,1,CLS: CLS Han Chewbacca Chewpio R2 R2-D2
Rikoelike Sunset,156843245,0,0,0,GAS: GAS Rex Echo (501st) Fives ARC Trooper
Rikoelike Sunset,156843245,2,0,2,Grievous Omicron: GG B2 B1 R2 MagnaGuard Droideka R2
Rikoelike Sunset,156843245,1,0,1,Malevolence: Malevolence Hyena Bomber 5* Vulture Droid 5* Sun Fac SF Soldier SF Spy SF
Rikoelike Sunset,156843245,8,0,8,Geonosians Omicron: GBA Sun Fac Geo Soldier Geo Spy G12 Poggle G12
Rikoelike Sunset,156843245,14,0,14,Troopers: Veers Piett Starck Dark Trooper G9 Range Trooper G9
Biuejed,478284627,0,0,0,Phasma: Phasma FOTP FOSFTP FOST Kylo
Biuejed,478284627,4,0,4,padme: Padme G12 GK JKA Ahsoka Tano (Snips) CAT
Biuejed,478284627,1,0,1,Negotiator: Negotiator BTL-B Y-wing 6* Anakin's Eta-2 Rex's ARC-170 Umbaran SF Ahsoka's SF Plo's SF Clone Sergeant's ARC-170
Biuejed,478284627,0,0,0,CLS: CLS Han Chewbacca Chewpio C-3PO
Biuejed,478284627,0,0,0,GAS: GAS Rex Echo (501st) Fives ARC Trooper
Biuejed,478284627,8,0,8,Grievous Omicron: GG B2 R1 B1 G12 MagnaGuard Droideka R1
Biuejed,478284627,20,0,20,Geonosians Omicron: GBA G12 Sun Fac G12 Geo Soldier G12 Geo Spy G12 Poggle G12
HandSolo,178539855,0,0,0,Phasma: Phasma FOTP FOSFTP FOST Kylo
HandSolo,178539855,0,0,0,padme: Padme GK JKA Ahsoka Tano (Snips) CAT
HandSolo,178539855,1,0,1,Grievous Omicron: GG B2 B1 MagnaGuard Droideka R2
HandSolo,178539855,0,0,0,Negotiator: Negotiator BTL-B Y-wing Anakin's Eta-2 Rex's ARC-170 Umbaran SF Ahsoka's SF Plo's SF Clone Sergeant's ARC-170
HandSolo,178539855,0,0,0,Malevolence: Malevolence Hyena Bomber Vulture Droid Sun Fac SF Soldier SF Spy SF
HandSolo,178539855,7,0,7,Geonosians Omicron: GBA Sun Fac R2 Geo Soldier R2 Geo Spy R2 Poggle G12
HandSolo,178539855,1,0,1,Troopers: Veers Piett Starck Dark Trooper Range Trooper R2
HandSolo,178539855,0,0,0,CLS: CLS Han Chewbacca Chewpio C-3PO
HandSolo,178539855,0,0,0,GAS: GAS Rex Echo (501st) Fives ARC Trooper
