Player,Ally Code,Starting Gear Needed,Progress,Current Gear Needed,Team
Tyson,358865491,15,10,5,Vader+Nute 12%: Vader Nute Thrawn Wat Tambor G13 Traya
Crazaig,689688922,15,6,9,Vader+Nute 12%: Vader Nute G12 Thrawn Wat Tambor R2 Traya
DarthDarth,169543185,8,5,3,Vader+Nute 12%: Vader Nute Thrawn Wat Tambor R2 Traya
SWfan114,551549951,0,0,0,Vader+Wat 8%: Vader EP Thrawn Wat Tambor Piett
JasTarter Too,234764733,28,9,19,Vader+Nute 12%: Vader Nute G11 Thrawn G12 Wat Tambor Traya G12
Jastarter,476181546,0,0,0,Vader P1 10%: Vader KRU Wat Tambor C-3PO BB-8
Delmon Enz,467248887,0,0,0,Vader P1 10%: Vader KRU Wat Tambor C-3PO Shaak Ti
Will Shakespeare,863487143,0,0,0,Vader+Wat 8%: Vader EP Thrawn Wat Tambor Piett
TheMonikon,423522555,17,3,14,Vader+Nute 12%: Vader Nute G12 Thrawn R3 Wat Tambor R2 Traya R2
Andhur P'hul,625285383,23,14,9,Vader+Nute 12%: Vader Nute Thrawn R2 Wat Tambor Traya G12
Six,992469319,16,10,6,Vader+Nute 12%: Vader Nute R3 Thrawn Wat Tambor R1 Traya
Crusader5454,884293376,14,14,0,Vader+Nute 12%: Vader Nute Thrawn Wat Tambor Traya
tallon karrde,623616269,22,17,5,Vader+Nute 12%: Vader Nute Thrawn Wat Tambor Traya G13
Tad,418829766,24,8,16,Vader+Nute 12%: Vader Nute R1 Thrawn G12 Wat Tambor Traya G12
Cruzman,962295923,0,0,0,Vader+Wat 8%: Vader EP Thrawn Wat Tambor Malak
Ozzy,574547774,25,6,19,Vader+Nute 12%: Vader Nute G12 Thrawn R3 Wat Tambor G10 Traya R2
DarthDado,773529376,29,10,19,Vader+Nute 12%: Vader R4 Nute G12 Thrawn G12 Wat Tambor Traya G12
The Dude,668946646,17,17,0,Vader+Nute 12%: Vader Nute Thrawn Wat Tambor Traya
Pilgrims Plague,756648931,0,0,0,Vader P1 10%: Vader KRU Wat Tambor C-3PO BB-8
Jaycop,322352622,0,0,0,Vader P1 10%: Vader KRU Wat Tambor C-3PO Shaak Ti
Makashi II,145923722,28,6,22,Vader+Nute 12%: Vader Nute G12 Thrawn G12 Wat Tambor Traya G8
Papadapalous,782987592,0,0,0,Vader+Nute 12%: Vader Nute Thrawn Wat Tambor Traya
Hashslingingslasher,778222546,0,0,0,Vader+Wat 8%: Vader EP Thrawn Wat Tambor Piett
Alias Nome,113955439,0,0,0,Vader P1 10%: Vader KRU Wat Tambor C-3PO BB-8
Obi Bonz Kenobie,948124219,0,0,0,Vader P1 10%: Vader KRU Wat Tambor C-3PO Shaak Ti
ReveNeveR,436444241,23,23,0,Vader+Nute 12%: Vader Nute Thrawn Wat Tambor Traya
DarkCoitus,825389354,0,0,0,Vader P1 10%: Vader KRU Wat Tambor C-3PO BB-8
MrsBlueprints,651313237,33,6,27,Vader+Nute 12%: Vader Nute G11 Thrawn G12 Wat Tambor G10 Traya G12
Crocodile Dundee,354318791,27,19,8,Vader+Nute 12%: Vader Nute R3 Thrawn R3 Wat Tambor Traya R1
Darthraki,884776838,26,2,24,Vader+Nute 12%: Vader Nute G11 Thrawn R1 Wat Tambor G11 Traya G12
Bato Kido,464953624,0,0,0,Vader P1 10%: Vader KRU Wat Tambor C-3PO Shaak Ti
CptBlackBush,888364832,0,0,0,Vader P1 10%: Vader KRU Wat Tambor C-3PO BB-8
Bytor Snowdog,656997348,0,0,0,Vader+Nute 12%: Vader Nute Thrawn Wat Tambor Traya
Jan Dodonna GAT,482748136,32,6,26,Vader+Nute 12%: Vader Nute Thrawn G8 Wat Tambor G12 Traya G8
Leo the lion,312994299,0,0,0,Vader P1 10%: Vader KRU Wat Tambor C-3PO BB-8
Thux Kra√ß,146561726,39,39,0,Vader+Nute 12%: Vader Nute Thrawn Wat Tambor Traya
JakeBum,554665654,0,0,0,Vader P1 10%: Vader KRU Wat Tambor C-3PO BB-8
maddoghansen,352978245,14,2,12,Vader+Nute 12%: Vader Nute Thrawn G12 Wat Tambor Traya G12
Bobby0350,414725423,0,0,0,Vader P1 10%: Vader KRU Wat Tambor C-3PO Shaak Ti
Marka Ragnos,777799968,23,14,9,Vader+Nute 12%: Vader Nute Thrawn Wat Tambor G9 Traya
Hoyt Nitrum,428494676,0,0,0,Vader+Wat 8%: Vader EP Thrawn Wat Tambor Piett
Haus Junge,687721517,21,10,11,Vader+Nute 12%: Vader Nute G12 Thrawn R3 Wat Tambor Traya R2
Hima Glowbin,529813421,24,8,16,Vader+Nute 12%: Vader Nute R1 Thrawn Wat Tambor G12 Traya G12
