Player,Ally Code,Starting Gear Needed,Progress,Current Gear Needed,GP,Team
zachyz2007,419859111,59,16,43,64754,Shaak Ti G0 0* Fives G12 Rex G12 Echo (501st) G12 ARC Trooper G11
flycycle,967252473,66,32,34,69127,Shaak Ti R3 Fives R3 Rex G8 Echo (501st) G8 ARC Trooper G8
vleesbams,141125746,90,4,86,5647,Shaak Ti G1 2* Fives G1 6* Rex G1 5* Echo (501st) G1 4* ARC Trooper G0 0*
Sithler,348765681,89,39,50,54948,Shaak Ti R3 Fives R3 Rex G7 Echo (501st) G1 ARC Trooper G0 0*
Floros,789545733,90,64,26,85621,Shaak Ti R3 Fives R3 Rex G12 Echo (501st) G12 ARC Trooper G8
Millzking,711241297,90,36,54,50135,Shaak Ti Fives R3 Rex G1 4* Echo (501st) G1 3* ARC Trooper G0 0*
Lightsaberg,149891279,66,1,65,20734,Shaak Ti G1 2* Fives G8 5* Rex G8 5* Echo (501st) G8 5* ARC Trooper G0 0*
mr meme2902,913182347,85,27,58,30809,Shaak Ti G8 2* Fives G8 Rex G8 5* Echo (501st) G8 3* ARC Trooper G0 0*
Jon,258421688,90,24,66,25242,Shaak Ti G0 0* Fives G7 Rex G6 Echo (501st) G6 ARC Trooper G5 4*
BP,176595647,66,0,66,21423,Shaak Ti G0 0* Fives G8 5* Rex G8 6* Echo (501st) G8 5* ARC Trooper G0 0*
Mini Melviora,856927882,47,3,44,73194,Shaak Ti G8 6* Fives G9 Rex G11 Echo (501st) G9 ARC Trooper G9
ImManbat,978394674,86,0,86,5407,Shaak Ti G1 3* Fives G1 4* Rex G1 6* Echo (501st) G1 4* ARC Trooper G0 0*
LilNinja23,526333633,73,27,46,53455,Shaak Ti R3 Fives R3 Rex G6 Echo (501st) G6 ARC Trooper G0 0*
Aaron,424267991,66,37,29,78328,Shaak Ti R3 Fives R3 Rex G12 Echo (501st) G12 ARC Trooper G5 4*
Rando,718921524,66,2,64,38572,Shaak Ti G1 2* Fives G9 Rex G8 Echo (501st) G8 ARC Trooper G0 0*
DarthAsh,153488472,66,37,29,78496,Shaak Ti R3 Fives R3 Rex G10 Echo (501st) G8 ARC Trooper G11
Mol Eliza,597559218,90,0,90,0,Shaak Ti G0 0* Fives G0 0* Rex G0 0* Echo (501st) G0 0* ARC Trooper G0 0*
Pratorious,135114192,90,28,62,32656,Shaak Ti G1 2* Fives G9 Rex G10 Echo (501st) G8 6* ARC Trooper G0 0*
Rhil Margos,562694187,66,29,37,65241,Shaak Ti R3 Fives R3 Rex G8 Echo (501st) G8 ARC Trooper G5 6*
ControlWard,661294514,89,24,65,27567,Shaak Ti G1 4* Fives G8 Rex G8 Echo (501st) G8 5* ARC Trooper G0 0*
Decypted,462539652,65,24,41,66088,Shaak Ti R3 Fives R3 Rex G8 Echo (501st) G8 ARC Trooper G1
TheLoneWanderer84,749817979,65,23,42,52474,Shaak Ti R3 Fives R3 Rex G8 5* Echo (501st) G8 5* ARC Trooper G0 0*
ZMustang,688985621,66,26,40,67151,Shaak Ti R3 Fives Rex G8 Echo (501st) G8 ARC Trooper G0 0*
adamclark52,586229869,23,1,22,111173,Shaak Ti Fives R1 Rex R1 Echo (501st) R1 ARC Trooper G8 4*
Kalsto,377859756,65,0,65,24999,Shaak Ti G1 2* Fives G8 Rex G8 5* Echo (501st) G8 5* ARC Trooper G0 0*
Nudge,439851763,67,0,67,25747,Shaak Ti G1 2* Fives G8 Rex G8 Echo (501st) G6 ARC Trooper G0 0*
RalidWB,271155575,90,0,90,0,Shaak Ti G0 0* Fives G0 0* Rex G0 0* Echo (501st) G0 0* ARC Trooper G0 0*
Revanchist,229271894,90,29,61,28807,Shaak Ti G0 0* Fives G8 6* Rex G7 Echo (501st) G7 ARC Trooper G7 5*
Dillion,422743848,48,0,48,71449,Shaak Ti G8 3* Fives G12 Rex G12 Echo (501st) G10 ARC Trooper G0 0*
Striker,398583924,63,34,29,89320,Shaak Ti R3 Fives R3 Rex G12 Echo (501st) G9 ARC Trooper G8
Elixer,489633533,66,0,66,20283,Shaak Ti G0 0* Fives G8 5* Rex G8 5* Echo (501st) G8 5* ARC Trooper G0 0*
Brill Counsil,166543538,66,0,66,20283,Shaak Ti G0 0* Fives G8 5* Rex G8 5* Echo (501st) G8 5* ARC Trooper G0 0*
Julirayray,259548767,57,9,48,69148,Shaak Ti G8 Fives G8 Rex G10 Echo (501st) G8 ARC Trooper G8
Spartacus,436841239,59,0,59,40444,Shaak Ti G7 3* Fives G8 Rex G8 Echo (501st) G8 ARC Trooper G0 0*
CT 7567,663812513,50,0,50,62765,Shaak Ti G0 0* Fives G12 Rex G10 Echo (501st) G10 ARC Trooper G8
Gross,215524325,42,0,42,77558,Shaak Ti G11 Fives G10 Rex G10 Echo (501st) G9 ARC Trooper G8
Lordofevil,498669533,66,0,66,23703,Shaak Ti G0 0* Fives G8 6* Rex G8 6* Echo (501st) G8 6* ARC Trooper G0 0*
N0CX,496465219,66,0,66,29688,Shaak Ti G0 0* Fives G8 Rex G8 Echo (501st) G8 ARC Trooper G0 0*
seth schaffer,918592218,65,0,65,30417,Shaak Ti G0 0* Fives G9 Rex G8 Echo (501st) G8 ARC Trooper G0 0*
iEatSand,996163989,74,0,74,10065,Shaak Ti G0 0* Fives G6 5* Rex G4 5* Echo (501st) G3 3* ARC Trooper G3 4*
Tosilybily,155491676,79,0,79,6539,Shaak Ti G1 2* Fives G3 4* Rex G6 5* Echo (501st) G1 4* ARC Trooper G0 0*
low gun,887165544,39,0,39,81444,Shaak Ti G12 Fives R4 Rex G6 Echo (501st) G7 ARC Trooper G9
Victor2103720,254817474,81,8,73,18386,Shaak Ti G0 0* Fives G7 Rex G1 6* Echo (501st) G8 6* ARC Trooper G1 3*
SanitaryFruitloops,637321744,76,0,76,8167,Shaak Ti G1 3* Fives G8 4* Rex G4 4* Echo (501st) G1 3* ARC Trooper G0 0*
ZMustang alt,859256554,65,1,64,29484,Shaak Ti G1 2* Fives G9 Rex G8 Echo (501st) G8 5* ARC Trooper G0 0*
DarthxVader,132372324,83,0,83,4008,Shaak Ti G0 0* Fives G6 4* Rex G1 4* Echo (501st) G0 0* ARC Trooper G0 0*
