Player,Ally Code,Starting Gear Needed,Progress,Current Gear Needed,Team
Sans,156217258,12,12,0,Supreme Leader Kylo Ren: KRU Kylo FOST FOE FOO FOTP Phasma Hux FOSFTP Sith Trooper Vet Han EP Finalizer 4*
Sans,156217258,58,49,9,Jedi Master Kenobi: GK Bo-Katan Aayla Mace Negotiator GG Wat Tambor G11 6* MagnaGuard Clone Sergeant QGJ GMY Jango Shaak Ti Cad Cody
AvGPuD,545584614,12,0,12,Supreme Leader Kylo Ren: KRU R5 Kylo R5 FOST FOE FOO FOTP Phasma Hux FOSFTP Sith Trooper Vet Han EP G12 Finalizer 4*
AvGPuD,545584614,26,26,0,Rey: JTR R2-D2 C-3PO BB-8 RT Scav Rey Finn Poe Vet Chewbacca Vet Han Resistance Pilot Holdo Rose RH Poe RH Finn
DarthSnips,755865424,12,12,0,Supreme Leader Kylo Ren: KRU Kylo FOST FOE FOO FOTP Phasma Hux FOSFTP Sith Trooper Vet Han EP Finalizer 5*
DarthSnips,755865424,19,19,0,Rey: JTR R2-D2 C-3PO 5* BB-8 RT Scav Rey Finn Poe Vet Chewbacca Vet Han Resistance Pilot Holdo Rose RH Poe RH Finn
Sidonplays,192852549,5,0,5,Supreme Leader Kylo Ren: KRU R5 Kylo R5 FOST FOE FOO FOTP Phasma Hux FOSFTP Sith Trooper Vet Han EP R6 Finalizer 4*
Sidonplays,192852549,49,49,0,Rey: JTR R2-D2 C-3PO BB-8 RT Scav Rey Finn Poe Vet Chewbacca Vet Han Resistance Pilot Holdo Rose RH Poe RH Finn
Sidonplays,192852549,59,0,59,Sith Eternal Emperor: EP R6 Vader RG G9 Piett G13 Krennic G7 Sidious G12 Darth Maul G12 Dooku R5 Sith Marauder G8 Imperial TIE Bomber 0* JKA R3 Thrawn R5 Tarkin Veers R2 Starck G12
VoidedSouls24,896149329,21,21,0,Supreme Leader Kylo Ren: KRU Kylo FOST FOE FOO FOTP Phasma Hux FOSFTP Sith Trooper Vet Han EP Finalizer 5*
Hdwolf,445881368,12,12,0,Supreme Leader Kylo Ren: KRU Kylo FOST FOE FOO FOTP Phasma Hux FOSFTP Sith Trooper Vet Han EP Finalizer 5*
Hdwolf,445881368,31,31,0,Rey: JTR R2-D2 C-3PO 6* BB-8 RT Scav Rey Finn Poe Vet Chewbacca Vet Han Resistance Pilot Holdo Rose RH Poe RH Finn
Devlin,254626297,13,13,0,Supreme Leader Kylo Ren: KRU Kylo FOST FOE FOO FOTP Phasma Hux FOSFTP Sith Trooper Vet Han EP Finalizer 5*
Devlin,254626297,24,24,0,Rey: JTR R2-D2 C-3PO BB-8 RT Scav Rey Finn Poe Vet Chewbacca Vet Han Resistance Pilot Holdo Rose RH Poe RH Finn
Devlin,254626297,53,53,0,Jedi Master Luke Skywalker: Old Ben JTR C-3PO Mon Mothma Chewpio JKL R2-D2 Han Chewbacca Rebel Y-wing 6* Leia HYoda Wedge Biggs Lando
Fallen,961276461,14,14,0,Supreme Leader Kylo Ren: KRU Kylo FOST FOE FOO FOTP Phasma Hux FOSFTP Sith Trooper Vet Han EP Finalizer 5*
Fallen,961276461,40,22,18,Rey: JTR G12 R2-D2 C-3PO BB-8 G12 RT Scav Rey R5 Finn Poe Vet Chewbacca Vet Han Resistance Pilot Holdo Rose RH Poe RH Finn
Fallen,961276461,59,59,0,Jabba the Hutt: Krrsantan Han Gamorrean Guard Greedo Skiff Guard (Lando Calrissian) JKL Jawa URoRRuR'R'R C-3PO Boushh (Leia Organa) Aurra Fennec Shand Boba Mob Enforcer Outrider
Fallen,961276461,58,58,0,Leia Organa: Captain Rex Princess Kneesaa Wicket Lando Ackbar Scout Trooper R2-D2 Cpt Solo ROLO Chirpa Captain Drogan CLS Boushh (Leia Organa) Chewpio Lobot
Fallen,961276461,59,20,39,Jedi Master Luke Skywalker: Old Ben G12 JTR G12 C-3PO Mon Mothma G9 5* Chewpio JKL R2-D2 Han Chewbacca R5 Rebel Y-wing Leia G7 HYoda R3 Wedge Biggs G12 Lando
ACheekyWolf,515499798,12,12,0,Supreme Leader Kylo Ren: KRU Kylo FOST FOE FOO FOTP Phasma Hux FOSFTP Sith Trooper Vet Han EP Finalizer 5*
ACheekyWolf,515499798,25,25,0,Rey: JTR R2-D2 C-3PO BB-8 RT Scav Rey Finn Poe Vet Chewbacca Vet Han Resistance Pilot Holdo Rose RH Poe RH Finn
ACheekyWolf,515499798,18,0,18,Jedi Master Luke Skywalker: Old Ben JTR C-3PO Mon Mothma G11 4* Chewpio JKL R3 R2-D2 G13 Han Chewbacca Rebel Y-wing 0* Leia HYoda Wedge Biggs Lando
Dori Solman,565476421,12,12,0,Supreme Leader Kylo Ren: KRU Kylo FOST FOE FOO FOTP Phasma Hux FOSFTP Sith Trooper Vet Han EP Finalizer 5*
Dhoor,853742526,12,12,0,Supreme Leader Kylo Ren: KRU Kylo FOST FOE FOO FOTP Phasma Hux FOSFTP Sith Trooper Vet Han EP Finalizer 6*
Dhoor,853742526,30,30,0,Rey: JTR R2-D2 C-3PO BB-8 RT Scav Rey Finn Poe Vet Chewbacca Vet Han Resistance Pilot Holdo Rose RH Poe RH Finn
WhisKid,985344829,17,17,0,Supreme Leader Kylo Ren: KRU Kylo FOST FOE FOO FOTP Phasma Hux FOSFTP Sith Trooper Vet Han EP Finalizer 6*
WhisKid,985344829,34,34,0,Rey: JTR R2-D2 C-3PO BB-8 RT Scav Rey Finn Poe Vet Chewbacca Vet Han Resistance Pilot Holdo Rose RH Poe RH Finn
WhisKid,985344829,26,0,26,Jedi Master Luke Skywalker: Old Ben R3 JTR C-3PO Mon Mothma G8 Chewpio JKL R2-D2 G12 Han R5 Chewbacca R5 Rebel Y-wing 6* Leia HYoda R3 Wedge Biggs Lando R3
Dingodog,628718313,21,6,15,Supreme Leader Kylo Ren: KRU R5 Kylo R5 FOST FOE FOO FOTP Phasma Hux FOSFTP Sith Trooper Vet Han G12 EP G13 Finalizer 6*
Dingodog,628718313,42,42,0,Rey: JTR R2-D2 C-3PO BB-8 RT Scav Rey Finn Poe Vet Chewbacca Vet Han Resistance Pilot Holdo Rose RH Poe RH Finn
hurtin Drebin,888342228,57,57,0,Supreme Leader Kylo Ren: KRU Kylo FOST FOE FOO FOTP Phasma Hux FOSFTP Sith Trooper Vet Han EP Finalizer
hurtin Drebin,888342228,41,12,29,Rey: JTR G1 R2-D2 C-3PO BB-8 G12 RT Scav Rey R5 Finn Poe Vet Chewbacca Vet Han Resistance Pilot Holdo Rose RH Poe RH Finn
ElGatoalAgua,727668484,59,54,5,Supreme Leader Kylo Ren: KRU Kylo FOST FOE R4 FOO FOTP R1 Phasma Hux FOSFTP Sith Trooper Vet Han R1 EP Finalizer 5*
bluhoteyes,668698455,17,11,6,Supreme Leader Kylo Ren: KRU R6 Kylo R5 FOST FOE FOO FOTP Phasma Hux FOSFTP Sith Trooper Vet Han EP R4 Finalizer 5*
bluhoteyes,668698455,42,42,0,Rey: JTR R2-D2 C-3PO BB-8 RT Scav Rey Finn Poe Vet Chewbacca Vet Han Resistance Pilot Holdo Rose RH Poe RH Finn
Dart Leon,356126651,18,18,0,Supreme Leader Kylo Ren: KRU Kylo FOST FOE FOO FOTP Phasma Hux FOSFTP Sith Trooper Vet Han EP Finalizer 6*
Dart Leon,356126651,32,32,0,Rey: JTR R2-D2 C-3PO BB-8 RT Scav Rey Finn Poe Vet Chewbacca Vet Han Resistance Pilot Holdo Rose RH Poe RH Finn
Leopald Strauss,174578724,12,12,0,Supreme Leader Kylo Ren: KRU Kylo FOST FOE FOO FOTP Phasma Hux FOSFTP Sith Trooper Vet Han EP Finalizer 5*
Leopald Strauss,174578724,33,21,12,Rey: JTR R2 R2-D2 C-3PO BB-8 R2 RT Scav Rey R5 Finn Poe Vet Chewbacca Vet Han Resistance Pilot Holdo Rose RH Poe RH Finn
Sonofskirata,457422143,29,29,0,Sith Eternal Emperor: EP Vader RG Piett Krennic Sidious Darth Maul Dooku Sith Marauder Imperial TIE Bomber JKA Thrawn Tarkin Veers Starck
J3d1 Wampa,233129389,0,0,0,Supreme Leader Kylo Ren: KRU Kylo FOST FOE FOO FOTP Phasma Hux FOSFTP Sith Trooper Vet Han EP Finalizer
J3d1 Wampa,233129389,46,0,46,Sith Eternal Emperor: EP Vader RG Piett Krennic G11 6* Sidious G12 Darth Maul G10 Dooku G9 Sith Marauder Imperial TIE Bomber JKA Thrawn G12 Tarkin G12 Veers G12 Starck
J3d1 Wampa,233129389,56,56,0,Jedi Master Luke Skywalker: Old Ben JTR C-3PO Mon Mothma Chewpio JKL R2-D2 Han Chewbacca Rebel Y-wing Leia HYoda Wedge Biggs Lando
NamikazeNC,572225845,18,18,0,Supreme Leader Kylo Ren: KRU Kylo FOST FOE FOO FOTP Phasma Hux FOSFTP Sith Trooper Vet Han EP Finalizer 5*
NamikazeNC,572225845,34,8,26,Rey: JTR G7 R2-D2 C-3PO BB-8 G9 RT Scav Rey R5 Finn Poe Vet Chewbacca Vet Han Resistance Pilot Holdo Rose RH Poe RH Finn
Mystery02,363724534,0,0,0,Supreme Leader Kylo Ren: KRU Kylo FOST FOE FOO FOTP Phasma Hux FOSFTP Sith Trooper Vet Han EP Finalizer 5*
Mystery02,363724534,16,0,16,Rey: JTR G13 R2-D2 0* C-3PO 0* BB-8 G13 RT Scav Rey R5 Finn Poe Vet Chewbacca Vet Han Resistance Pilot Holdo Rose RH Poe RH Finn
Mystery02,363724534,0,0,0,Sith Eternal Emperor: EP Vader RG Piett Krennic Sidious Darth Maul Dooku Sith Marauder Imperial TIE Bomber JKA Thrawn Tarkin Veers Starck
Chalbran Leone,486776593,0,0,0,Supreme Leader Kylo Ren: KRU Kylo FOST FOE FOO FOTP Phasma Hux FOSFTP Sith Trooper Vet Han EP Finalizer 5*
Chalbran Leone,486776593,19,0,19,Rey: JTR G12 R2-D2 C-3PO 0* BB-8 G11 RT Scav Rey R5 Finn Poe Vet Chewbacca Vet Han Resistance Pilot Holdo Rose RH Poe RH Finn
DarthSaleah,388916889,8,8,0,Supreme Leader Kylo Ren: KRU Kylo FOST FOE FOO FOTP Phasma Hux FOSFTP Sith Trooper Vet Han EP Finalizer 0*
SilentStorm,777696984,0,0,0,Supreme Leader Kylo Ren: KRU Kylo FOST FOE FOO FOTP Phasma Hux FOSFTP Sith Trooper Vet Han EP Finalizer 6*
SilentStorm,777696984,0,0,0,Rey: JTR R2-D2 C-3PO 6* BB-8 RT Scav Rey Finn Poe Vet Chewbacca Vet Han Resistance Pilot Holdo Rose RH Poe RH Finn
Yguja,574138596,0,0,0,Supreme Leader Kylo Ren: KRU Kylo FOST FOE FOO FOTP Phasma Hux FOSFTP Sith Trooper Vet Han EP Finalizer 6*
MRS0USE,578778127,0,0,0,Supreme Leader Kylo Ren: KRU Kylo FOST FOE FOO FOTP Phasma Hux FOSFTP Sith Trooper Vet Han EP Finalizer 6*
MRS0USE,578778127,0,0,0,Rey: JTR R2-D2 C-3PO BB-8 RT Scav Rey Finn Poe Vet Chewbacca Vet Han Resistance Pilot Holdo Rose RH Poe RH Finn
MRS0USE,578778127,9,0,9,Jedi Master Kenobi: GK Bo-Katan Aayla Mace Negotiator GG Wat Tambor G11 5* MagnaGuard Clone Sergeant QGJ GMY Jango Shaak Ti Cad Cody
Lucand,171489132,0,0,0,Supreme Leader Kylo Ren: KRU Kylo FOST FOE FOO FOTP Phasma Hux FOSFTP Sith Trooper Vet Han EP Finalizer 6*
Lucand,171489132,0,0,0,Rey: JTR R2-D2 C-3PO BB-8 RT Scav Rey Finn Poe Vet Chewbacca Vet Han Resistance Pilot Holdo Rose RH Poe RH Finn
Lucand,171489132,45,0,45,Jedi Master Luke Skywalker: Old Ben JTR C-3PO R4 Mon Mothma Chewpio G10 JKL G12 R2-D2 R5 Han G12 Chewbacca R5 Rebel Y-wing 6* Leia G12 HYoda R4 Wedge G12 Biggs G8 Lando R4
Ralthor,639153363,0,0,0,Supreme Leader Kylo Ren: KRU Kylo FOST FOE FOO FOTP Phasma Hux FOSFTP Sith Trooper Vet Han EP Finalizer 6*
Ralthor,639153363,0,0,0,Rey: JTR R2-D2 C-3PO BB-8 RT Scav Rey Finn Poe Vet Chewbacca Vet Han Resistance Pilot Holdo Rose RH Poe RH Finn
Ralthor,639153363,34,0,34,Leia Organa: Captain Rex G12 Princess Kneesaa G12 Wicket Lando Ackbar Scout Trooper G10 R2-D2 Cpt Solo ROLO Chirpa Captain Drogan G12 CLS Boushh (Leia Organa) Chewpio Lobot
Ralthor,639153363,0,0,0,Jedi Master Kenobi: GK Bo-Katan Aayla Mace Negotiator GG Wat Tambor MagnaGuard Clone Sergeant QGJ GMY Jango Shaak Ti Cad Cody
Ralthor,639153363,0,0,0,Sith Eternal Emperor: EP Vader RG Piett Krennic Sidious Darth Maul Dooku Sith Marauder Imperial TIE Bomber JKA Thrawn Tarkin Veers Starck
Ralthor,639153363,0,0,0,Jedi Master Luke Skywalker: Old Ben JTR C-3PO Mon Mothma Chewpio JKL R2-D2 Han Chewbacca Rebel Y-wing 6* Leia HYoda Wedge Biggs Lando
