Player,Ally Code,Starting Gear Needed,Progress,Current Gear Needed,Team
Sans,156217258,58,40,18,Jedi Master Kenobi: GK Bo-Katan Aayla Mace Negotiator 5* GG Wat Tambor G11 4* MagnaGuard Clone Sergeant QGJ GMY Jango Shaak Ti G11 2* Cad Cody
Sans,156217258,12,12,0,Supreme Leader Kylo Ren: KRU Kylo FOST FOE FOO FOTP Phasma Hux FOSFTP Sith Trooper Vet Han EP Finalizer 0*
Nitz'd,961325798,2,0,2,Supreme Leader Kylo Ren: KRU Kylo FOST FOE FOO FOTP Phasma Hux FOSFTP Sith Trooper Vet Han EP R5 Finalizer 0*
Nitz'd,961325798,33,21,12,Rey: JTR R5 R2-D2 C-3PO BB-8 G12 RT Scav Rey R5 Finn Poe Vet Chewbacca Vet Han Resistance Pilot Holdo Rose RH Poe RH Finn
DarthSnips,755865424,12,10,2,Supreme Leader Kylo Ren: KRU Kylo R5 FOST FOE FOO FOTP Phasma Hux FOSFTP Sith Trooper Vet Han EP Finalizer 4*
DarthSnips,755865424,19,19,0,Rey: JTR R2-D2 C-3PO 5* BB-8 RT Scav Rey Finn Poe Vet Chewbacca Vet Han Resistance Pilot Holdo Rose RH Poe RH Finn
VoidedSouls24,896149329,21,21,0,Supreme Leader Kylo Ren: KRU Kylo FOST FOE FOO FOTP Phasma Hux FOSFTP Sith Trooper Vet Han EP Finalizer 0*
Nitz,991936212,0,0,0,Jedi Master Kenobi: GK Bo-Katan Aayla Mace Negotiator GG Wat Tambor MagnaGuard Clone Sergeant QGJ GMY Jango Shaak Ti Cad Cody
Nitz,991936212,59,59,0,Sith Eternal Emperor: EP Vader RG Piett Krennic Sidious Darth Maul Dooku Sith Marauder Imperial TIE Bomber JKA Thrawn Tarkin Veers Starck
Nitz,991936212,0,0,0,Supreme Leader Kylo Ren: KRU Kylo FOST FOE FOO FOTP Phasma Hux FOSFTP Sith Trooper Vet Han EP Finalizer
Nitz,991936212,0,0,0,Jedi Master Luke Skywalker: Old Ben JTR C-3PO Mon Mothma Chewpio JKL R2-D2 Han Chewbacca Rebel Y-wing Leia HYoda Wedge Biggs Lando
Belrosa,983233755,58,58,0,Leia Organa: Captain Rex Princess Kneesaa Wicket Lando Ackbar Scout Trooper R2-D2 Cpt Solo ROLO Chirpa Captain Drogan CLS Boushh (Leia Organa) Chewpio Lobot
Belrosa,983233755,12,12,0,Supreme Leader Kylo Ren: KRU Kylo FOST FOE FOO FOTP Phasma Hux FOSFTP Sith Trooper Vet Han EP Finalizer 6*
Belrosa,983233755,27,27,0,Rey: JTR R2-D2 C-3PO BB-8 RT Scav Rey Finn Poe Vet Chewbacca Vet Han Resistance Pilot Holdo Rose RH Poe RH Finn
Belrosa,983233755,54,54,0,Jedi Master Luke Skywalker: Old Ben JTR C-3PO Mon Mothma Chewpio JKL R2-D2 Han Chewbacca Rebel Y-wing Leia HYoda Wedge Biggs Lando
Crovax,873218834,24,24,0,Supreme Leader Kylo Ren: KRU Kylo FOST FOE FOO FOTP Phasma Hux FOSFTP Sith Trooper Vet Han EP Finalizer 5*
Crovax,873218834,42,42,0,Rey: JTR R2-D2 C-3PO BB-8 RT Scav Rey Finn Poe Vet Chewbacca Vet Han Resistance Pilot Holdo Rose RH Poe RH Finn
Crovax,873218834,42,16,26,Jedi Master Luke Skywalker: Old Ben JTR C-3PO Mon Mothma G0 0* Chewpio JKL R2-D2 G12 Han Chewbacca Rebel Y-wing Leia HYoda Wedge Biggs Lando
Hdwolf,445881368,12,12,0,Supreme Leader Kylo Ren: KRU Kylo FOST FOE FOO FOTP Phasma Hux FOSFTP Sith Trooper Vet Han EP Finalizer 5*
Hdwolf,445881368,31,31,0,Rey: JTR R2-D2 C-3PO 6* BB-8 RT Scav Rey Finn Poe Vet Chewbacca Vet Han Resistance Pilot Holdo Rose RH Poe RH Finn
Sidonplays,192852549,5,0,5,Supreme Leader Kylo Ren: KRU R5 Kylo R5 FOST FOE FOO FOTP Phasma Hux FOSFTP Sith Trooper Vet Han EP R6 Finalizer 4*
Sidonplays,192852549,49,36,13,Rey: JTR G12 R2-D2 C-3PO BB-8 R3 RT Scav Rey R6 Finn Poe Vet Chewbacca Vet Han Resistance Pilot Holdo Rose RH Poe RH Finn
AvGPuD,545584614,12,0,12,Supreme Leader Kylo Ren: KRU R5 Kylo R5 FOST FOE FOO FOTP Phasma Hux FOSFTP Sith Trooper Vet Han EP G12 Finalizer 4*
AvGPuD,545584614,26,26,0,Rey: JTR R2-D2 C-3PO BB-8 RT Scav Rey Finn Poe Vet Chewbacca Vet Han Resistance Pilot Holdo Rose RH Poe RH Finn
Fallen,961276461,58,58,0,Leia Organa: Captain Rex Princess Kneesaa Wicket Lando Ackbar Scout Trooper R2-D2 Cpt Solo ROLO Chirpa Captain Drogan CLS Boushh (Leia Organa) Chewpio Lobot
Fallen,961276461,14,2,12,Supreme Leader Kylo Ren: KRU R5 Kylo R5 FOST FOE FOO FOTP Phasma Hux FOSFTP Sith Trooper Vet Han EP G12 Finalizer 4*
Fallen,961276461,40,22,18,Rey: JTR G12 R2-D2 C-3PO BB-8 G12 RT Scav Rey R5 Finn Poe Vet Chewbacca Vet Han Resistance Pilot Holdo Rose RH Poe RH Finn
Fallen,961276461,59,9,50,Jedi Master Luke Skywalker: Old Ben G9 JTR G12 C-3PO Mon Mothma G1 4* Chewpio JKL R2-D2 Han Chewbacca R5 Rebel Y-wing 6* Leia G7 HYoda R3 Wedge Biggs G12 Lando
Fallen,961276461,59,59,0,Jabba the Hutt: Krrsantan Han Gamorrean Guard Greedo Skiff Guard (Lando Calrissian) JKL Jawa URoRRuR'R'R C-3PO Boushh (Leia Organa) Aurra Fennec Shand Boba Mob Enforcer Outrider
noobizordofdoom,658439323,12,12,0,Supreme Leader Kylo Ren: KRU Kylo FOST FOE FOO FOTP Phasma Hux FOSFTP Sith Trooper Vet Han EP Finalizer 5*
Devlin,254626297,13,13,0,Supreme Leader Kylo Ren: KRU Kylo FOST FOE FOO FOTP Phasma Hux FOSFTP Sith Trooper Vet Han EP Finalizer 5*
Devlin,254626297,24,24,0,Rey: JTR R2-D2 C-3PO BB-8 RT Scav Rey Finn Poe Vet Chewbacca Vet Han Resistance Pilot Holdo Rose RH Poe RH Finn
Devlin,254626297,53,27,26,Jedi Master Luke Skywalker: Old Ben R3 JTR C-3PO Mon Mothma G12 Chewpio R2 JKL R3 R2-D2 R2 Han R2 Chewbacca Rebel Y-wing 0* Leia HYoda R3 Wedge Biggs Lando
BigKopsing,532597427,13,13,0,Supreme Leader Kylo Ren: KRU Kylo FOST FOE FOO FOTP Phasma Hux FOSFTP Sith Trooper Vet Han EP Finalizer 0*
BigKopsing,532597427,27,5,22,Rey: JTR G9 R2-D2 C-3PO BB-8 G11 RT Scav Rey R5 Finn Poe Vet Chewbacca Vet Han Resistance Pilot Holdo Rose RH Poe RH Finn
Dhoor,853742526,12,12,0,Supreme Leader Kylo Ren: KRU Kylo FOST FOE FOO FOTP Phasma Hux FOSFTP Sith Trooper Vet Han EP Finalizer 5*
Dhoor,853742526,30,30,0,Rey: JTR R2-D2 C-3PO BB-8 RT Scav Rey Finn Poe Vet Chewbacca Vet Han Resistance Pilot Holdo Rose RH Poe RH Finn
ACheekyWolf,515499798,12,12,0,Supreme Leader Kylo Ren: KRU Kylo FOST FOE FOO FOTP Phasma Hux FOSFTP Sith Trooper Vet Han EP Finalizer 5*
ACheekyWolf,515499798,25,25,0,Rey: JTR R2-D2 C-3PO BB-8 RT Scav Rey Finn Poe Vet Chewbacca Vet Han Resistance Pilot Holdo Rose RH Poe RH Finn
hurtin Drebin,888342228,57,57,0,Supreme Leader Kylo Ren: KRU Kylo FOST FOE FOO FOTP Phasma Hux FOSFTP Sith Trooper Vet Han EP Finalizer 6*
hurtin Drebin,888342228,41,12,29,Rey: JTR G1 R2-D2 C-3PO 0* BB-8 G12 RT Scav Rey R5 Finn Poe Vet Chewbacca Vet Han Resistance Pilot Holdo Rose RH Poe RH Finn
MeiSolo,862648558,7,7,0,Supreme Leader Kylo Ren: KRU Kylo FOST FOE FOO FOTP Phasma Hux FOSFTP Sith Trooper Vet Han EP Finalizer 0*
Darovit,296371155,12,12,0,Supreme Leader Kylo Ren: KRU Kylo FOST FOE FOO FOTP Phasma Hux FOSFTP Sith Trooper Vet Han EP Finalizer 5*
DeltaCommando,996844343,12,12,0,Supreme Leader Kylo Ren: KRU Kylo FOST FOE FOO FOTP Phasma Hux FOSFTP Sith Trooper Vet Han EP Finalizer 4*
bluhoteyes,668698455,17,3,14,Supreme Leader Kylo Ren: KRU R6 Kylo R5 FOST FOE FOO FOTP Phasma Hux FOSFTP Sith Trooper Vet Han EP G9 Finalizer 4*
bluhoteyes,668698455,42,22,20,Rey: JTR G12 R2-D2 C-3PO BB-8 G8 RT Scav Rey Finn Poe Vet Chewbacca Vet Han Resistance Pilot Holdo Rose RH Poe RH Finn
Leopald Strauss,174578724,12,12,0,Supreme Leader Kylo Ren: KRU Kylo FOST FOE FOO FOTP Phasma Hux FOSFTP Sith Trooper Vet Han EP Finalizer 4*
Leopald Strauss,174578724,33,0,33,Rey: JTR G1 R2-D2 C-3PO BB-8 G8 RT Scav Rey R5 Finn Poe Vet Chewbacca Vet Han Resistance Pilot Holdo Rose RH Poe RH Finn
Zenithier,443596224,0,0,0,Jedi Master Kenobi: GK Bo-Katan Aayla Mace Negotiator GG Wat Tambor MagnaGuard Clone Sergeant QGJ GMY Jango Shaak Ti Cad Cody
Zenithier,443596224,0,0,0,Sith Eternal Emperor: EP Vader RG Piett Krennic Sidious Darth Maul Dooku Sith Marauder Imperial TIE Bomber JKA Thrawn Tarkin Veers Starck
Zenithier,443596224,0,0,0,Supreme Leader Kylo Ren: KRU Kylo FOST FOE FOO FOTP Phasma Hux FOSFTP Sith Trooper Vet Han EP Finalizer
Zenithier,443596224,53,53,0,Lord Vader: Hunter Tech Wrecker Tusken Raider Padme GAS Embo Echo (501st) Echo Dooku Zam BTL-B Y-wing Tarkin ARC Trooper Nute
Zenithier,443596224,0,0,0,Jedi Master Luke Skywalker: Old Ben JTR C-3PO Mon Mothma Chewpio JKL R2-D2 Han Chewbacca Rebel Y-wing Leia HYoda Wedge Biggs Lando
Arkay,485165597,0,0,0,Jedi Master Kenobi: GK Bo-Katan Aayla Mace Negotiator GG Wat Tambor MagnaGuard Clone Sergeant QGJ GMY Jango Shaak Ti Cad Cody
Arkay,485165597,0,0,0,Leia Organa: Captain Rex Princess Kneesaa Wicket Lando Ackbar Scout Trooper R2-D2 Cpt Solo ROLO Chirpa Captain Drogan CLS Boushh (Leia Organa) Chewpio Lobot
Arkay,485165597,0,0,0,Sith Eternal Emperor: EP Vader RG Piett Krennic Sidious Darth Maul Dooku Sith Marauder Imperial TIE Bomber JKA Thrawn Tarkin Veers Starck
Arkay,485165597,0,0,0,Supreme Leader Kylo Ren: KRU Kylo FOST FOE FOO FOTP Phasma Hux FOSFTP Sith Trooper Vet Han EP Finalizer
Arkay,485165597,0,0,0,Rey: JTR R2-D2 C-3PO BB-8 RT Scav Rey Finn Poe Vet Chewbacca Vet Han Resistance Pilot Holdo Rose RH Poe RH Finn
Arkay,485165597,0,0,0,Lord Vader: Hunter Tech Wrecker Tusken Raider Padme GAS Embo Echo (501st) Echo Dooku Zam BTL-B Y-wing Tarkin ARC Trooper Nute
Arkay,485165597,0,0,0,Jedi Master Luke Skywalker: Old Ben JTR C-3PO Mon Mothma Chewpio JKL R2-D2 Han Chewbacca Rebel Y-wing Leia HYoda Wedge Biggs Lando
Arkay,485165597,56,56,0,Jabba the Hutt: Krrsantan Han Gamorrean Guard Greedo Skiff Guard (Lando Calrissian) JKL Jawa URoRRuR'R'R C-3PO Boushh (Leia Organa) Aurra Fennec Shand Boba Mob Enforcer Outrider
Kyo Perthar,447523615,0,0,0,Supreme Leader Kylo Ren: KRU Kylo FOST FOE FOO FOTP Phasma Hux FOSFTP Sith Trooper Vet Han EP Finalizer
Kyo Perthar,447523615,0,0,0,Rey: JTR R2-D2 C-3PO BB-8 RT Scav Rey Finn Poe Vet Chewbacca Vet Han Resistance Pilot Holdo Rose RH Poe RH Finn
Sonofskirata,457422143,29,27,2,Sith Eternal Emperor: EP Vader RG Piett Krennic Sidious R5 Darth Maul Dooku Sith Marauder Imperial TIE Bomber 6* JKA Thrawn Tarkin Veers Starck
Dingodog,628718313,21,6,15,Supreme Leader Kylo Ren: KRU R5 Kylo R5 FOST FOE FOO FOTP Phasma Hux FOSFTP Sith Trooper Vet Han G12 EP G13 Finalizer 5*
Dingodog,628718313,42,12,30,Rey: JTR G12 R2-D2 C-3PO BB-8 G9 RT Scav Rey R5 Finn Poe Vet Chewbacca G7 Vet Han Resistance Pilot Holdo Rose RH Poe RH Finn
Din Grogu,581913766,12,12,0,Supreme Leader Kylo Ren: KRU Kylo FOST FOE FOO FOTP Phasma Hux FOSFTP Sith Trooper Vet Han EP Finalizer 5*
Din Grogu,581913766,42,42,0,Rey: JTR R2-D2 C-3PO 0* BB-8 RT Scav Rey Finn Poe Vet Chewbacca Vet Han Resistance Pilot Holdo Rose RH Poe RH Finn
J3d1 Wampa,233129389,0,0,0,Supreme Leader Kylo Ren: KRU Kylo FOST FOE FOO FOTP Phasma Hux FOSFTP Sith Trooper Vet Han EP Finalizer
J3d1 Wampa,233129389,56,56,0,Jedi Master Luke Skywalker: Old Ben JTR C-3PO Mon Mothma Chewpio JKL R2-D2 Han Chewbacca Rebel Y-wing Leia HYoda Wedge Biggs Lando
Dart Leon,356126651,18,18,0,Supreme Leader Kylo Ren: KRU Kylo FOST FOE FOO FOTP Phasma Hux FOSFTP Sith Trooper Vet Han EP Finalizer 5*
Dart Leon,356126651,32,23,9,Rey: JTR R6 R2-D2 C-3PO BB-8 G12 RT Scav Rey Finn Poe Vet Chewbacca Vet Han Resistance Pilot Holdo Rose RH Poe RH Finn
NamikazeNC,572225845,18,18,0,Supreme Leader Kylo Ren: KRU Kylo FOST FOE FOO FOTP Phasma Hux FOSFTP Sith Trooper Vet Han EP Finalizer 5*
NamikazeNC,572225845,34,7,27,Rey: JTR G7 R2-D2 C-3PO BB-8 G8 RT Scav Rey R5 Finn Poe Vet Chewbacca Vet Han Resistance Pilot Holdo Rose RH Poe RH Finn
WhisKid,985344829,17,17,0,Supreme Leader Kylo Ren: KRU Kylo FOST FOE FOO FOTP Phasma Hux FOSFTP Sith Trooper Vet Han EP Finalizer 5*
WhisKid,985344829,34,34,0,Rey: JTR R2-D2 C-3PO BB-8 RT Scav Rey Finn Poe Vet Chewbacca Vet Han Resistance Pilot Holdo Rose RH Poe RH Finn
Dori Solman,565476421,12,12,0,Supreme Leader Kylo Ren: KRU Kylo FOST FOE FOO FOTP Phasma Hux FOSFTP Sith Trooper Vet Han EP Finalizer 4*
