Player,Ally Code,Starting Gear Needed,Progress,Current Gear Needed,GP,Team
MINI SgtGingerbeard,211844511,81,65,16,122066,Shaak Ti Fives R1 Rex R1 Echo (501st) R1 ARC Trooper R1
Kate,483591584,84,70,14,109425,Shaak Ti G12 Fives R3 Rex R3 Echo (501st) R3 ARC Trooper R3
Mitsuki,844775351,78,53,25,86046,Shaak Ti R3 Fives R3 Rex G12 Echo (501st) G9 ARC Trooper G12
Pickle rick,266133985,70,6,64,36161,Shaak Ti G0 0* Fives G10 Rex G10 Echo (501st) G6 6* ARC Trooper G0 0*
Blackwing,654686582,84,43,41,73317,Shaak Ti G12 Fives G12 Rex G12 Echo (501st) G12 ARC Trooper G1 4*
EisOfSpades,736978576,90,29,61,51566,Shaak Ti G9 Fives G11 Rex G7 Echo (501st) G1 ARC Trooper G1 4*
Shayna Vetacious,391637392,75,75,0,133171,Shaak Ti Fives Rex Echo (501st) ARC Trooper
MrTomChase24,674818227,76,61,15,115825,Shaak Ti G9 Fives Rex R3 Echo (501st) R3 ARC Trooper R3
theLeskiss,626646537,50,14,36,78171,Shaak Ti G9 Fives G12 Rex G12 Echo (501st) G12 ARC Trooper G9
Szerahk,958343253,89,68,21,112742,Shaak Ti G13 Fives R1 Rex R1 Echo (501st) R1 ARC Trooper R1
Bills Mafia,441664365,65,20,45,69064,Shaak Ti Fives G10 Rex G8 Echo (501st) G8 ARC Trooper G1
Smashburger,776444483,65,53,12,113102,Shaak Ti G12 Fives Rex R3 Echo (501st) R3 ARC Trooper R3
Forsaken,757795424,58,10,48,48712,Shaak Ti G6 4* Fives G10 Rex G10 Echo (501st) G8 ARC Trooper G8 4*
mar5hmn9,294825966,66,63,3,144710,Shaak Ti R3 Fives Rex R4 Echo (501st) ARC Trooper
Barraza,479721254,68,36,32,100221,Shaak Ti G9 Fives G12 Rex R1 Echo (501st) G12 ARC Trooper G11 5*
Bondforged Galeforce,284743495,33,33,0,141577,Shaak Ti Fives Rex Echo (501st) ARC Trooper
OnyXavier,637663384,66,57,9,120471,Shaak Ti G12 Fives Rex Echo (501st) R3 ARC Trooper R4
Zephyr,297528578,26,2,24,116240,Shaak Ti Fives G12 Rex G12 Echo (501st) G12 ARC Trooper G12
Coop,972228286,49,31,18,114411,Shaak Ti R3 Fives R1 Rex R1 Echo (501st) R1 ARC Trooper R1
MINI Leskiss,112892133,87,9,78,23270,Shaak Ti G1 3* Fives G9 Rex G1 Echo (501st) G1 ARC Trooper G0 0*
GeneralSkywalker,628775779,61,33,28,87447,Shaak Ti R3 Fives R3 Rex G12 Echo (501st) G9 ARC Trooper G9 5*
Jotar0Kujoh,973886778,66,54,12,120873,Shaak Ti G12 Fives Rex R3 Echo (501st) R3 ARC Trooper R3
Hoshiyomi Gaming,729762928,76,5,71,26950,Shaak Ti G1 4* Fives G8 Rex G1 Echo (501st) G1 ARC Trooper G8 5*
nate,723479542,58,34,24,87215,Shaak Ti Fives R3 Rex G11 Echo (501st) G11 ARC Trooper G10
Chantelle Vetacious,842688545,0,0,0,149714,Shaak Ti Fives Rex Echo (501st) ARC Trooper
Obi Shinobi,399864143,52,3,49,54863,Shaak Ti G7 Fives G11 Rex G8 Echo (501st) G8 ARC Trooper G7 4*
Thedentist,234525417,78,28,50,54935,Shaak Ti R3 Fives R3 Rex G7 Echo (501st) G1 6* ARC Trooper G0 0*
NutellaLlama,539716334,59,4,55,56309,Shaak Ti G11 Fives G12 Rex G10 Echo (501st) G1 ARC Trooper G1 5*
Emeda,939175625,54,0,54,33147,Shaak Ti G7 6* Fives G8 Rex G7 Echo (501st) G7 ARC Trooper G7 4*
LittleVoidBlue,989819754,34,10,24,88345,Shaak Ti R3 Fives R3 Rex G12 Echo (501st) G11 ARC Trooper G11
etanium,677884492,27,0,27,99867,Shaak Ti Fives G12 Rex G12 Echo (501st) G12 ARC Trooper G9
Tren,195581825,89,0,89,676,Shaak Ti G0 0* Fives G1 3* Rex G0 0* Echo (501st) G0 0* ARC Trooper G0 0*
Marl Jewel,232792841,20,0,20,111195,Shaak Ti Fives R1 Rex R1 Echo (501st) G12 ARC Trooper G12
Jenks,784242554,60,1,59,44622,Shaak Ti G1 2* Fives G10 Rex G10 Echo (501st) G9 ARC Trooper G1 5*
DarthMittens,269983914,43,21,22,91045,Shaak Ti R3 Fives R3 Rex G12 Echo (501st) G12 ARC Trooper G12
Mushkela,381453371,27,2,25,104851,Shaak Ti Fives R1 Rex G12 Echo (501st) G11 ARC Trooper G10
Edryynn,853139141,64,27,37,75545,Shaak Ti R3 Fives R3 Rex G12 Echo (501st) G8 ARC Trooper G1
TChewy,572868341,66,24,42,52474,Shaak Ti R3 Fives R3 Rex G8 5* Echo (501st) G8 5* ARC Trooper G0 0*
CT 2007,347883781,46,15,31,74427,Shaak Ti R3 Fives R3 Rex G11 Echo (501st) G8 6* ARC Trooper G8 4*
Shelly Kuhn,818148669,68,1,67,38270,Shaak Ti G9 Fives G9 Rex G5 4* Echo (501st) G0 0* ARC Trooper G0 0*
Toebbenator,339746348,61,3,58,48270,Shaak Ti G8 6* Fives G8 Rex G8 Echo (501st) G8 ARC Trooper G0 0*
alewis12,769587511,9,0,9,124629,Shaak Ti R2 Fives Rex Echo (501st) G12 ARC Trooper
Johnyboy71SWGOH,454715297,57,20,37,71868,Shaak Ti R3 Fives R3 Rex G12 Echo (501st) G9 ARC Trooper G0 0*
MasterJediBerlin,794111925,14,0,14,117670,Shaak Ti R4 Fives R3 Rex R2 Echo (501st) G13 ARC Trooper R2
PJMaster,377989166,87,77,10,125175,Shaak Ti R3 Fives R3 Rex R3 Echo (501st) R3 ARC Trooper R3
JadenRaven,329564557,88,2,86,14982,Shaak Ti G1 Fives G1 4* Rex G1 Echo (501st) G1 ARC Trooper G0 0*
Peu Trid,631967535,81,8,73,29932,Shaak Ti G1 Fives G5 Rex G1 Echo (501st) G9 ARC Trooper G1 4*
